0 -158265.06085317268
1 -157729.53769255802
2 -157213.9596772521
3 -156564.36559006086
4 -156073.60570148562
5 -155240.92725770667
6 -154651.70633691203
7 -154613.36228345003
8 -154492.5334586736
9 -154387.87351220736
10 -154290.90256981278
11 -154214.55993089598
12 -154214.97489624016
13 -154213.48940630344
14 -154213.4911225938
15 -154211.91372212744
16 -154213.4292681163
17 -154208.93995831214
18 -154207.35275184747
19 -154208.65296895817
20 -154209.86690897928
21 -154211.16903552623
22 -154208.23951353296
23 -154209.37766513566
24 -154207.8700746426
25 -154209.17671137018
26 -154207.77598112426
27 -154204.90148661996
28 -154204.68118121815
29 -154205.73434438056
30 -154205.21892464155
31 -154204.75566546444
32 -154205.33344946348
33 -154204.77928840794
34 -154204.58088767837
35 -154206.14407981987
36 -154207.1333293047
37 -154204.4399116353
38 -154205.4113558216
39 -154204.00142276374
40 -154201.3347319474
41 -154201.15137739
42 -154199.5367708956
43 -154197.64035631093
44 -154195.68695660844
45 -154191.95288404738
46 -154187.18025190235
47 -154186.81299761438
48 -154186.3826948616
49 -154186.52257247726
50 -154187.01970924606
