0 -790284.134071
1 -778901.314126
2 -764099.652052
3 -754684.312520
4 -745714.878529
5 -727597.094236
6 -720036.701049
7 -708426.300833
8 -701020.341029
9 -697754.375634
10 -694824.712270
11 -692003.189908
12 -689198.569264
13 -686791.203346
14 -684373.653018
15 -681770.532021
16 -680490.882050
17 -679291.837057
18 -678824.666358
19 -678387.251576
20 -677979.582325
21 -677608.819626
22 -677236.041878
23 -677172.458366
24 -677108.449681
25 -677056.168115
26 -676992.143144
27 -676937.917511
28 -676874.435593
29 -676808.965801
30 -676737.839365
31 -676685.488966
32 -676624.087512
33 -676559.647171
34 -676502.137411
35 -676446.930141
36 -676382.988755
37 -676339.578150
38 -676277.813149
39 -676216.890340
40 -676163.763637
41 -676105.213615
42 -676052.044430
43 -675990.110402
44 -675939.549203
45 -675892.406187
46 -675849.917432
47 -675802.032329
48 -675753.670324
49 -675704.249611
50 -675649.392307
