0 -790284.134071
1 -786585.929483
2 -783273.804786
3 -780082.601099
4 -776914.241398
5 -774194.175922
6 -771466.523775
7 -771036.978100
8 -770694.815473
9 -770325.161845
10 -769933.306937
11 -769628.800244
12 -769619.636087
13 -758411.026199
14 -749007.573509
15 -748999.040330
16 -748990.545861
17 -748983.594444
18 -741389.162311
19 -741382.669268
20 -741373.425858
21 -741367.871893
22 -741362.401179
23 -741356.097053
24 -741348.018074
25 -741342.967007
26 -741337.658376
27 -741331.658136
28 -741325.683080
29 -741320.405315
30 -741315.289073
31 -741309.173048
32 -741304.117796
33 -741296.404544
34 -732803.412783
35 -732798.425877
36 -732794.430152
37 -732789.471062
38 -725484.228956
39 -725480.452061
40 -725476.747636
41 -725473.055887
42 -725469.834856
43 -725466.196808
44 -725463.329651
45 -725458.441712
46 -725455.011260
47 -725451.548327
48 -725447.869751
49 -725444.406141
50 -725441.314976
