0 -158265.06085317268
1 -157488.77151521796
2 -156940.80650834064
3 -156412.17974996663
4 -155745.78914461168
5 -155240.92725770667
6 -154651.70633691203
7 -154613.36228345003
8 -154492.5334586736
9 -154396.60385045875
10 -154290.90256981278
11 -154214.55993089598
12 -151685.16573249217
13 -149736.53247813316
14 -149737.02535602142
15 -148247.26420865182
16 -148246.97281415184
17 -148246.18362904168
18 -148244.92396542963
19 -146717.32891889848
20 -146717.43728499292
21 -146716.65043213032
22 -145334.14027564178
23 -145333.01053161197
24 -145332.84626621782
25 -145331.6071384658
26 -145333.2990023817
27 -145334.716515333
28 -145330.97338481047
29 -145331.5896814898
30 -145330.33910533387
31 -145328.90024066454
32 -145329.4107749346
33 -145327.43516632958
34 -145327.96470214124
35 -145324.23416512358
36 -145324.96902689934
37 -145325.49116893238
38 -145327.12938215362
39 -145324.11511183393
40 -145321.68849700975
41 -145320.28349269525
42 -145321.50715223857
43 -145322.10953606587
44 -145321.80040466244
45 -145322.9481277857
46 -145324.18966286312
47 -145325.35414766223
48 -145322.9424953621
49 -145324.1590932961
50 -145323.00776000344
