0 -158265.06085317268
1 -155701.71620011638
2 -152924.60468167346
3 -150964.13913146887
4 -149360.13976970874
5 -145670.39227940084
6 -144246.14301753446
7 -142068.28426351945
8 -140621.96564240224
9 -139933.84515911964
10 -139449.25952346038
11 -138982.0643872411
12 -138391.2223424074
13 -137943.42508527875
14 -137418.7399408957
15 -136925.70335572673
16 -136652.51837723082
17 -136419.4723667906
18 -136374.81868270502
19 -136264.55152635401
20 -136135.11533043673
21 -136044.08395744313
22 -135931.6070021699
23 -135931.00348161565
24 -135918.94219737197
25 -135912.04547276231
26 -135904.29921373463
27 -135897.8845619877
28 -135889.83829254724
29 -135879.3142143342
30 -135878.802403417
31 -135876.5283204739
32 -135879.08429926474
33 -135875.54932688893
34 -135875.67679259114
35 -135868.14630074566
36 -135860.85954219737
37 -135851.8914277221
38 -135833.07729702606
39 -135822.5360112683
40 -135805.84291125325
41 -135800.04036585946
42 -135790.78645259904
43 -135771.53378137125
44 -135765.83860180285
45 -135751.97166476614
46 -135740.27840488782
47 -135738.2794830397
48 -135729.47599608332
49 -135725.46158447597
50 -135709.638306265
