0 -18476417.161182
1 -18476088.794100
2 -18475525.280065
3 -18475411.617931
4 -18475310.094557
5 -18474995.476550
6 -18474918.412902
7 -18474737.605490
8 -18474383.722712
9 -18474319.060671
10 -18474236.083299
11 -18474153.385661
12 -18474054.428807
13 -18473973.943980
14 -18473867.189251
15 -18473814.838403
16 -18473652.264804
17 -18473439.869538
18 -18473259.322895
19 -18473128.967578
20 -18473015.656730
21 -18472974.146552
22 -18472923.470222
23 -18472812.377832
24 -18472771.191101
25 -18472660.249052
26 -18472610.636328
27 -18472410.778732
28 -18472310.656563
29 -18472226.716295
30 -18472079.991957
31 -18471981.329135
32 -18471924.521949
33 -18471819.333892
34 -18471771.171363
35 -18471723.154423
36 -18471650.204087
37 -18471577.318993
38 -18471504.817983
39 -18471440.398963
40 -18471360.020976
41 -18471312.464519
42 -18471282.424857
43 -18471226.667278
44 -18471187.894487
45 -18471149.187157
46 -18471119.430034
47 -18470995.582185
48 -18470965.994563
49 -18470936.505492
50 -18470889.965043
51 -18470843.480908
52 -18470489.986749
53 -18470460.719833
54 -18470422.873151
55 -18470376.771800
56 -18470338.985721
57 -18470301.357313
58 -18470272.582242
59 -18470174.267843
60 -18470090.426525
61 -18470021.789606
62 -18469931.604849
63 -18469848.336259
64 -18469819.860083
65 -18469774.281361
66 -18469729.368427
67 -18469692.535981
68 -18469632.253048
69 -18469595.576250
70 -18469567.286522
71 -18469547.623198
72 -18469503.037867
73 -18469483.464475
74 -18469463.890989
75 -18469419.550188
76 -18469400.020095
77 -18469363.817195
78 -18469335.813972
79 -18469299.683974
80 -18469271.741174
81 -18469252.313420
82 -18469232.908264
83 -18469213.503114
84 -18469185.594518
85 -18469104.405994
86 -18469076.568859
87 -18469057.208472
88 -18469037.986612
89 -18469018.764672
90 -18468999.336593
91 -18468980.151000
92 -18468944.554693
93 -18468917.016530
94 -18468897.866814
95 -18468862.389166
96 -18468819.205775
97 -18468746.673245
98 -18468727.578201
99 -18468708.489744
100 -18468408.704474
101 -18468381.126955
102 -18468345.853988
103 -18468318.559507
104 -18468283.259332
105 -18468232.909779
106 -18468182.507413
107 -18468004.955304
108 -18467985.987337
109 -18467967.015200
110 -18467948.073203
111 -18467897.847686
112 -18467862.681358
113 -18467835.507859
114 -18467770.962526
115 -18467752.071657
116 -18467724.957512
117 -18467706.088031
118 -18467663.361562
119 -18467636.059048
120 -18467601.167038
121 -18467582.371291
122 -18467532.416533
123 -18467505.477750
124 -18467455.492616
125 -18467436.728028
126 -18467394.388695
127 -18467367.253067
128 -18467340.391762
129 -18467321.677813
130 -18467294.833527
131 -18467267.977125
132 -18467218.492015
133 -18467199.679081
134 -18467165.176276
135 -18467146.559739
136 -18467127.943396
137 -18467109.330138
138 -18467090.711882
139 -18467020.501998
140 -18466993.811218
141 -18466975.228215
142 -18466956.666996
143 -18466922.310308
144 -18466903.770090
145 -18466885.259561
146 -18466866.748759
147 -18466848.241248
148 -18466829.762369
149 -18466803.241251
150 -18466776.780570
151 -18466750.005224
152 -18466731.626973
153 -18466649.041233
154 -18466540.718134
155 -18466522.353022
156 -18466504.011931
157 -18466462.619037
158 -18466421.261636
159 -18466402.961266
160 -18466354.711889
161 -18466292.571661
162 -18466211.080972
163 -18466192.861788
164 -18466174.649434
165 -18466156.437047
166 -18466138.238314
167 -18466097.277856
168 -18466071.213563
169 -18465995.472381
170 -18465977.303958
171 -18465943.704951
172 -18465917.649089
173 -18465899.501792
174 -18465872.507638
175 -18465773.005735
176 -18465739.543160
177 -18465706.032559
178 -18465672.668384
179 -18465654.625733
180 -18463965.903460
181 -18463940.076841
182 -18463921.925221
183 -18463881.205838
184 -18463863.194510
185 -18463845.186706
186 -18463827.175153
187 -18463809.168843
188 -18463791.162222
189 -18463765.388767
190 -18463683.961625
191 -18463643.560721
192 -18463625.451562
193 -18463607.491814
194 -18463589.371881
195 -18463571.453069
196 -18463545.796403
197 -18463519.977631
198 -18463472.918115
199 -18463455.032443
200 -18463437.188559
201 -18463419.382568
202 -18463401.584352
203 -18463376.110716
204 -18463350.629729
205 -18463324.884460
206 -18463306.857510
207 -18463289.092865
208 -18463263.663604
209 -18463203.738185
210 -18463171.036598
211 -18463131.033773
212 -18463105.630516
213 -18463065.966068
214 -18463040.627331
215 -18463022.953392
216 -18462944.191173
217 -18462897.443843
218 -18462879.780090
219 -18462862.111817
220 -18462815.730078
221 -18462798.118138
222 -18462758.293674
223 -18462725.874872
224 -18462666.602786
225 -18462594.822866
226 -18462577.261452
227 -18462511.746492
228 -18462479.371827
229 -18462454.223396
230 -18462421.278654
231 -18462368.590823
232 -18462351.068577
233 -18462279.588721
234 -18462239.989892
235 -18462181.123437
236 -18462163.445455
237 -18462145.980836
238 -18462128.524023
239 -18462111.090653
240 -18462093.682463
241 -18462054.764817
242 -18462037.356441
243 -18462019.946263
244 -18461981.055129
245 -18461956.188937
246 -18461938.797127
247 -18461921.443502
248 -18461889.371883
249 -18461857.435351
250 -18461840.113068
251 -18461801.084832
252 -18461776.310619
253 -18461758.861838
254 -18461726.894554
255 -18461702.152136
256 -18461684.783974
257 -18461667.472771
258 -18461650.167676
259 -18461625.237476
260 -18461600.495824
261 -18461583.223124
262 -18461565.959200
263 -18461541.292117
264 -18461496.121472
265 -18461471.401090
266 -18461454.159907
267 -18461436.918669
268 -18461229.042278
269 -18461204.012782
270 -18461179.305026
271 -18461140.750677
272 -18461059.009149
273 -18461033.964798
274 -18461024.672693
275 -18461015.380888
276 -18460990.801203
277 -18460880.992009
278 -18460849.339295
279 -18460692.345821
280 -18460675.153482
281 -18460623.767282
282 -18460451.868213
283 -18460325.921867
284 -18460301.225853
285 -18460249.743653
286 -18460232.609254
287 -18460208.133152
288 -18460191.011802
289 -18460181.759308
290 -18460172.506975
291 -18460134.117993
292 -18460116.986712
293 -18460047.332457
294 -18460022.875346
295 -18460005.763319
296 -18459967.420946
297 -18459950.318325
298 -18459918.768970
299 -18459894.255645
300 -18459869.844762
301 -18459825.151024
302 -18459808.065658
303 -18459790.981590
304 -18459773.735534
305 -18459756.679732
306 -18459747.465422
307 -18459738.251356
308 -18459729.036971
309 -18459719.822704
310 -18459710.609979
311 -18459693.604811
312 -18459676.594930
313 -18459659.596613
314 -18459642.605034
315 -18459598.209949
316 -18459573.950128
317 -18459549.697007
318 -18459540.519664
319 -18459531.342300
320 -18459522.165075
321 -18459512.987576
322 -18459503.688130
323 -18459494.513616
324 -18459485.339396
325 -18459468.298668
326 -18459459.124093
327 -18459449.949808
328 -18459375.290581
329 -18459358.335750
330 -18459334.103623
331 -18459302.968526
332 -18459286.022497
333 -18459247.647783
334 -18459230.601084
335 -18459173.742226
336 -18459156.804741
337 -18459139.702723
338 -18459122.763480
339 -18459098.576853
340 -18459089.349855
341 -18459072.457193
342 -18459063.319693
343 -18459054.142036
344 -18459045.004490
345 -18459028.116064
346 -18459018.979786
347 -18459002.113889
348 -18458985.052557
349 -18458968.187993
350 -18458951.320074
351 -18458927.246476
352 -18458910.123739
353 -18458893.266257
354 -18458876.413000
355 -18458859.555318
356 -18458850.447871
357 -18458841.340359
358 -18458832.232746
359 -18458823.125061
360 -18458778.896843
361 -18458769.794702
362 -18458760.692659
363 -18458716.723414
364 -18458699.943927
365 -18458675.810906
366 -18458613.832988
367 -18458604.717098
368 -18458595.642616
369 -18458586.568397
370 -18458577.315865
371 -18458568.241466
372 -18458551.421095
373 -18458542.353694
374 -18458533.285908
375 -18458471.419039
376 -18458462.355244
377 -18458445.448626
378 -18458428.686441
379 -18458419.622593
380 -18458410.560227
381 -18458401.497810
382 -18458377.583003
383 -18458241.220252
384 -18458094.197019
385 -18458032.349151
386 -18458001.672390
387 -18457984.964213
388 -18457968.143889
389 -18457959.059822
390 -18457949.975973
391 -18457940.933585
392 -18457931.891183
393 -18457888.247116
394 -18457820.562157
395 -18457811.494080
396 -18457802.419416
397 -18457793.384640
398 -18457784.350001
399 -18457775.315335
400 -18457758.629942
401 -18457749.600372
402 -18457740.570983
403 -18457731.502815
404 -18457714.752819
405 -18457705.684694
406 -18457689.012205
407 -18457614.470292
408 -18457605.443202
409 -18457596.340460
410 -18457587.313452
411 -18457578.286457
412 -18457569.259179
413 -18457559.902644
414 -18457550.875353
415 -18457534.204418
416 -18457497.015445
417 -18457466.485834
418 -18457442.708555
419 -18457418.875339
420 -18457369.290728
421 -18457352.528883
422 -18457291.191873
423 -18457281.971638
424 -18457272.960268
425 -18457263.948782
426 -18457254.937249
427 -18457238.308251
428 -18457229.135007
429 -18457220.132300
430 -18457183.170109
431 -18457174.173673
432 -18457165.177189
433 -18457148.555406
434 -18457139.558813
435 -18457102.621612
436 -18457085.826685
437 -18457069.223845
438 -18457060.231035
439 -18457051.237929
440 -18457042.245159
441 -18457033.252240
442 -18457024.260507
443 -18457015.268610
444 -18457006.241302
445 -18456989.644422
446 -18456973.051468
447 -18456949.053703
448 -18456940.030592
449 -18456931.049351
450 -18456921.982718
451 -18456913.001497
452 -18456903.978391
453 -18456894.996824
454 -18456885.930436
455 -18456855.524480
456 -18456831.874345
457 -18456815.170202
458 -18456791.515107
459 -18456782.339259
460 -18456773.367761
461 -18456764.225251
462 -18456755.253261
463 -18456746.250375
464 -18456737.285817
465 -18456728.321436
466 -18456719.291115
467 -18456710.326824
468 -18456693.770144
469 -18456670.125510
470 -18456609.247478
471 -18456600.254180
472 -18456591.257230
473 -18456582.260482
474 -18456573.300613
475 -18456564.340604
476 -18456547.728041
477 -18456531.197237
478 -18456507.618409
479 -18456483.999358
480 -18456475.041712
481 -18456431.570915
482 -18456422.618857
483 -18456413.624792
484 -18456404.672625
485 -18456395.691055
486 -18456372.148335
487 -18456329.124254
488 -18456312.495507
489 -18456303.514084
490 -18456294.542072
491 -18456285.600288
492 -18456276.658723
493 -18456267.676893
494 -18456258.704795
495 -18456249.701538
496 -18456219.478372
497 -18456210.496626
498 -18456186.973279
499 -18456170.312536
500 -18456161.300495
501 -18456144.819427
502 -18456128.330508
503 -18456091.698523
504 -18456082.770473
505 -18456073.842634
506 -18456064.914672
507 -18456055.950030
508 -18456000.421958
509 -18455991.497681
510 -18455982.394054
511 -18455973.350642
512 -18455964.392851
513 -18455955.468948
514 -18455946.503226
515 -18455937.579889
516 -18455928.656101
517 -18455912.186097
518 -18455903.220385
519 -18455794.565063
520 -18455771.055881
521 -18455762.103489
522 -18455745.669211
523 -18455736.765774
524 -18455727.862212
525 -18455704.082939
526 -18455687.517439
527 -18455615.269759
528 -18455606.234091
529 -18455597.337224
530 -18455588.440151
531 -18455579.543170
532 -18455570.609160
533 -18455561.671264
534 -18455552.774761
535 -18455543.878452
536 -18455534.982217
537 -18455526.054006
538 -18455517.161399
539 -18455493.780580
540 -18455477.314059
541 -18455468.423860
542 -18455459.393064
543 -18455450.502724
544 -18455427.112577
545 -18455410.604384
546 -18455394.009597
547 -18455385.125223
548 -18455376.240845
549 -18455367.356832
550 -18455358.472519
551 -18455349.588267
552 -18455332.992672
553 -18455316.607077
554 -18455299.521759
555 -18455283.149691
556 -18455266.777671
557 -18455250.292647
558 -18455233.630657
559 -18455210.277433
560 -18455201.403035
561 -18455192.468862
562 -18455176.103287
563 -18455159.718531
564 -18455150.814613
565 -18455141.948084
566 -18455133.081023
567 -18455124.184043
568 -18455115.322370
569 -18455106.431933
570 -18455097.395820
571 -18455088.505283
572 -18455079.580362
573 -18455070.723388
574 -18455061.832942
575 -18455045.497391
576 -18455036.640743
577 -18455027.784131
578 -18455011.450653
579 -18454995.134738
580 -18454978.822937
581 -18454948.940168
582 -18454940.015982
583 -18454931.169816
584 -18454922.285374
585 -18454905.959281
586 -18454896.935198
587 -18454888.091592
588 -18454864.812687
589 -18454855.975120
590 -18454847.100487
591 -18454838.105830
592 -18454821.814989
593 -18454812.917735
594 -18454770.600904
595 -18454721.970328
596 -18454713.139036
597 -18454704.204562
598 -18454695.373301
599 -18454672.176167
600 -18454663.346418
601 -18454654.516460
602 -18454624.741056
603 -18454615.768078
604 -18454567.482663
605 -18454558.624029
606 -18454549.796811
607 -18454540.938380
608 -18454532.040952
609 -18454508.376696
610 -18454492.112301
611 -18454483.287234
612 -18454474.361909
613 -18454465.470905
614 -18454442.082256
615 -18454433.185288
616 -18454424.288214
617 -18454415.363693
618 -18454406.460416
619 -18454397.642338
620 -18454374.446385
621 -18454351.216455
622 -18454315.148308
623 -18454306.338927
624 -18454283.202568
625 -18454266.964214
626 -18454250.739265
627 -18454220.980269
628 -18454212.136595
629 -18454203.332867
630 -18454194.489092
631 -18454178.188105
632 -18454169.384358
633 -18454160.580475
634 -18454151.776663
635 -18454115.802513
636 -18454107.000374
637 -18454098.198058
638 -18453881.201209
639 -18453864.977686
640 -18453848.634382
641 -18453839.806578
642 -18453830.880912
643 -18453801.231911
644 -18453792.400072
645 -18453776.171408
646 -18453767.376957
647 -18453758.551382
648 -18453749.723399
649 -18453740.929122
650 -18453732.103346
651 -18453723.309969
652 -18453714.134594
653 -18453705.341145
654 -18453696.547693
655 -18453687.669000
656 -18453678.875435
657 -18453670.082053
658 -18453661.203376
659 -18453652.411305
660 -18453643.581123
661 -18453634.789125
662 -18453625.958686
663 -18453596.251930
664 -18453560.345788
665 -18453536.945974
666 -18453513.806834
667 -18453497.621271
668 -18453488.763763
669 -18453479.981672
670 -18453471.151055
671 -18453462.372561
672 -18453453.514999
673 -18453437.337758
674 -18453428.563756
675 -18453419.789462
676 -18453410.986690
677 -18453402.176859
678 -18453393.402615
679 -18453384.628601
680 -18453368.467815
681 -18453345.434660
682 -18453336.606613
683 -18453327.838341
684 -18453319.070099
685 -18453310.300731
686 -18453274.505886
687 -18453265.708349
688 -18453256.913598
689 -18453248.149095
690 -18453239.384813
691 -18453230.620384
692 -18453221.855875
693 -18453185.940482
694 -18453177.082194
695 -18453168.254160
696 -18453159.491624
697 -18453150.729233
698 -18453141.935496
699 -18453133.172961
700 -18453124.344728
701 -18453108.204025
702 -18453099.448665
703 -18453083.305976
704 -18453074.552252
705 -18453065.798488
706 -18453056.967752
707 -18453040.797682
708 -18453011.319416
709 -18453002.572721
710 -18452993.826136
711 -18452977.718363
712 -18452968.972745
713 -18452960.185420
714 -18452951.439841
715 -18452942.694132
716 -18452786.600348
717 -18452750.537272
718 -18452741.797119
719 -18452732.899278
720 -18452724.159114
721 -18452715.348782
722 -18452706.444628
723 -18452697.703951
724 -18452688.929452
725 -18452680.188759
726 -18452671.414113
727 -18452662.585777
728 -18452653.817177
729 -18452645.081782
730 -18452636.187725
731 -18452627.149932
732 -18452604.169264
733 -18452581.264330
734 -18452572.532019
735 -18452563.799463
736 -18452555.034518
737 -18452538.956982
738 -18452530.225175
739 -18452521.125812
740 -18452512.330878
741 -18452503.567813
742 -18452480.272802
743 -18452471.543692
744 -18452462.813891
745 -18452453.511188
746 -18452444.741470
747 -18452435.971624
748 -18452427.160114
749 -18452418.437435
750 -18452409.672915
751 -18452393.161630
752 -18452363.421368
753 -18452347.263805
754 -18452338.508176
755 -18452329.788302
756 -18452321.068172
757 -18452312.312529
758 -18452303.592634
759 -18452287.539902
760 -18452278.824246
761 -18452270.108497
762 -18452261.392574
763 -18452252.598360
764 -18452243.857466
765 -18452119.485268
766 -18452110.702382
767 -18452101.523014
768 -18452085.480495
769 -18452069.447160
770 -18452060.740026
771 -18452051.974752
772 -18452043.267907
773 -18452034.521530
774 -18452025.791367
775 -18452017.085285
776 -18452008.225116
777 -18451999.521207
778 -18451990.817899
779 -18451982.054631
780 -18451973.354286
781 -18451964.429145
782 -18451955.728965
783 -18451946.986838
784 -18451938.240659
785 -18451915.427288
786 -18451899.415688
787 -18451671.345247
788 -18451655.262308
789 -18451646.568064
790 -18451637.874194
791 -18451629.107129
792 -18451620.413103
793 -18451611.536473
794 -18451602.844502
795 -18451594.103814
796 -18451585.417726
797 -18451576.697253
798 -18451560.620045
799 -18451551.933767
800 -18451516.574919
801 -18451507.791589
802 -18451499.111926
803 -18451490.398856
804 -18451481.720255
805 -18451473.000267
806 -18451464.191638
807 -18451455.513199
808 -18451446.766497
809 -18451438.088219
810 -18451429.409819
811 -18451413.307897
812 -18451404.632544
813 -18451395.828540
814 -18451373.095396
815 -18451364.420004
816 -18451355.717832
817 -18451339.695715
818 -18451330.963294
819 -18451322.229818
820 -18451306.239144
821 -18451270.923208
822 -18451235.566144
823 -18451226.897551
824 -18451218.193012
825 -18451209.488546
826 -18451200.819895
827 -18451159.302546
828 -18451150.634088
829 -18451141.839167
830 -18451133.050569
831 -18451116.829401
832 -18450859.252091
833 -18450843.293331
834 -18450807.969330
835 -18450799.308115
836 -18450790.565455
837 -18450774.600332
838 -18450765.843371
839 -18450694.694666
840 -18450685.952681
841 -18450677.295237
842 -18450668.574523
843 -18450659.917255
844 -18450651.260141
845 -18450642.573421
846 -18450589.977556
847 -18450581.272932
848 -18450572.624640
849 -18450563.976507
850 -18450541.052691
851 -18450532.407183
852 -18450523.601047
853 -18450514.864367
854 -18450498.943951
855 -18450490.209751
856 -18450481.564269
857 -18450472.918769
858 -18450464.238739
859 -18450455.521701
860 -18450446.877526
861 -18450438.146835
862 -18450429.502609
863 -18450420.859609
864 -18450398.177032
865 -18450351.089091
866 -18450322.042319
867 -18450299.414682
868 -18450290.775652
869 -18450274.887187
870 -18450258.925947
871 -18450250.289611
872 -18450241.654636
873 -18450225.752410
874 -18450209.804754
875 -18450201.172811
876 -18450192.540954
877 -18450183.793521
878 -18450175.112795
879 -18450166.485769
880 -18450150.596711
881 -18450127.983588
882 -18450119.360713
883 -18450110.737444
884 -18450102.091604
885 -18450093.468694
886 -18450084.763980
887 -18450076.115589
888 -18450067.494373
889 -18450058.872906
890 -18450050.251436
891 -18450041.630179
892 -18450032.908700
893 -18450024.287140
894 -18450015.633562
895 -18450007.013530
896 -18449998.320675
897 -18449989.700414
898 -18449980.986470
899 -18449972.369203
900 -18449963.751931
901 -18449955.134868
902 -18449946.517326
903 -18449937.859627
904 -18449929.241960
905 -18449920.602660
906 -18449911.984930
907 -18449896.139521
908 -18449887.374882
909 -18449878.759956
910 -18449870.102979
911 -18449861.487432
912 -18449852.871723
913 -18449811.189389
914 -18449788.631364
915 -18449779.995970
916 -18449771.387280
917 -18449762.778268
918 -18449754.122034
919 -18449665.385534
920 -18449649.559875
921 -18449640.890059
922 -18449632.236432
923 -18449623.634384
924 -18449615.006681
925 -18449592.499799
926 -18449583.860064
927 -18449575.258919
928 -18449566.657898
929 -18449558.061394
930 -18449549.391818
931 -18449540.795282
932 -18449531.980475
933 -18449523.383795
934 -18449514.762171
935 -18449506.166774
936 -18449497.529626
937 -18449488.934199
938 -18449480.233407
939 -18449471.637990
940 -18449455.828477
941 -18449447.106569
942 -18449438.349072
943 -18449429.372955
944 -18449420.782641
945 -18449412.192115
946 -18449396.395840
947 -18449387.805357
948 -18449379.214951
949 -18449363.331349
950 -18449354.744113
951 -18449338.832697
952 -18449330.245393
953 -18449321.658663
954 -18449313.073175
955 -18449304.416951
956 -18449295.784358
957 -18449287.160960
958 -18449278.487102
959 -18449269.749613
960 -18449253.892266
961 -18449245.271715
962 -18449236.648131
963 -18449228.062502
964 -18449212.200919
965 -18449189.585489
966 -18449173.812783
967 -18449165.150745
968 -18449156.573610
969 -18449147.996562
970 -18449139.419222
971 -18449130.774128
972 -18449122.156205
973 -18449113.540078
974 -18449104.922679
975 -18449096.347262
976 -18449087.731282
977 -18449079.155538
978 -18449070.579967
979 -18449061.933637
980 -18449053.359939
981 -18449044.786511
982 -18449036.212818
983 -18449027.639263
984 -18448986.709539
985 -18448945.462735
986 -18448936.813709
987 -18448928.211339
988 -18448919.641206
989 -18448897.226049
990 -18448888.655980
991 -18448866.197139
992 -18448850.445183
993 -18448841.790765
994 -18448833.226332
995 -18448824.021702
996 -18448815.459193
997 -18448780.490700
998 -18448771.868460
999 -18448763.307944
1000 -18448754.658966
