0 -18476417.161182
1 -18474730.897538
2 -18474138.622663
3 -18473548.755958
4 -18473414.839782
5 -18473291.757681
6 -18472891.243676
7 -18472681.066192
8 -18472640.602177
9 -18472337.064212
10 -18471889.677447
11 -18471833.532158
12 -18471803.622617
13 -18471526.733724
14 -18471399.766497
15 -18471216.211571
16 -18471161.924368
17 -18470886.192855
18 -18470788.722107
19 -18470770.322967
20 -18470751.424782
21 -18470653.169526
22 -18470575.175911
23 -18470540.951308
24 -18470518.466719
25 -18470355.240171
26 -18470220.650513
27 -18470207.564179
28 -18470038.328493
29 -18469975.588266
30 -18469768.073682
31 -18469472.748587
32 -18469441.190729
33 -18469292.523599
34 -18469244.094802
35 -18469177.126641
36 -18469034.082752
37 -18468901.534237
38 -18468887.325534
39 -18468067.107405
40 -18468009.713309
41 -18467822.450497
42 -18467689.896858
43 -18467547.612438
44 -18467374.065875
45 -18467122.636150
46 -18467061.761576
47 -18467031.933660
48 -18465737.100453
49 -18465696.873412
50 -18465635.623437
51 -18465597.917610
52 -18465492.945381
53 -18465385.702535
54 -18465282.354367
55 -18465158.591402
56 -18465115.373933
57 -18464924.863937
58 -18464824.017840
59 -18464635.326396
60 -18464559.057541
61 -18464555.769162
62 -18464297.834569
63 -18464228.228403
64 -18464161.691917
65 -18464082.807550
66 -18464027.372167
67 -18463881.222945
68 -18463750.252372
69 -18463578.196051
70 -18463548.726879
71 -18463543.553327
72 -18463499.901451
73 -18463457.341854
74 -18463424.920754
75 -18462860.197129
76 -18462505.602995
77 -18462447.176053
78 -18462439.682362
79 -18462305.174890
80 -18462284.109696
81 -18462076.506076
82 -18462009.138154
83 -18461613.683274
84 -18461090.904791
85 -18460862.333233
86 -18460796.649829
87 -18460495.847114
88 -18460418.307108
89 -18460262.804995
90 -18460224.132527
91 -18460205.273921
92 -18460196.367286
93 -18460006.727635
94 -18460004.515294
95 -18459940.880672
96 -18459745.009128
97 -18459273.931111
98 -18459148.085552
99 -18459130.790783
100 -18458913.181423
101 -18458815.902000
102 -18458736.706684
103 -18458706.432287
104 -18458629.436483
105 -18458574.104632
106 -18458403.426253
107 -18458210.978668
108 -18458109.103141
109 -18458068.013698
110 -18458042.446236
111 -18457847.528635
112 -18457788.422085
113 -18457772.599638
114 -18457758.731195
115 -18457635.536823
116 -18457280.529040
117 -18457193.747193
118 -18456897.024259
119 -18456868.525347
120 -18456859.728664
121 -18456847.359131
122 -18456774.771139
123 -18456707.921069
124 -18456701.343390
125 -18456683.116531
126 -18456662.106336
127 -18456561.943121
128 -18456480.010435
129 -18456349.967342
130 -18456300.250175
131 -18456256.376760
132 -18456242.103889
133 -18456229.866359
134 -18456120.954435
135 -18456034.218251
136 -18455934.304350
137 -18455724.675741
138 -18455708.733140
139 -18455706.788925
140 -18455554.849250
141 -18455474.120170
142 -18455388.524664
143 -18455316.244013
144 -18455179.339838
145 -18455085.677749
146 -18454926.953941
147 -18454808.230380
148 -18454553.074004
149 -18454457.371989
150 -18454417.251228
151 -18454176.772263
152 -18454151.375691
153 -18454142.873077
154 -18454105.975214
155 -18454074.528864
156 -18454027.825501
157 -18453945.161706
158 -18453890.727362
159 -18453857.013404
160 -18453839.437106
161 -18453831.644026
162 -18453827.101699
163 -18453825.751774
164 -18453820.843130
165 -18453505.113923
166 -18453405.179980
167 -18453293.367350
168 -18453135.276728
169 -18452496.767039
170 -18452491.981117
171 -18452358.261326
172 -18452302.965936
173 -18452238.196996
174 -18452226.344169
175 -18452221.318854
176 -18452110.984815
177 -18452019.458637
178 -18451949.779061
179 -18451859.084773
180 -18451829.033002
181 -18451663.469767
182 -18451617.997194
183 -18451517.978044
184 -18451359.941447
185 -18451320.729897
186 -18451291.097943
187 -18451272.866033
188 -18451264.788232
189 -18450722.330830
190 -18450646.378948
191 -18450621.649834
192 -18450345.869235
193 -18450268.211728
194 -18450235.027570
195 -18450009.424402
196 -18449907.743344
197 -18449880.992018
198 -18449870.629648
199 -18449869.365394
200 -18449844.338668
201 -18449670.284190
202 -18449264.347824
203 -18448996.570372
204 -18448932.378716
205 -18448877.901921
206 -18448721.095100
207 -18448599.966450
208 -18448487.206612
209 -18448456.265922
210 -18448419.362505
211 -18448360.910237
212 -18448157.401639
213 -18447971.002976
214 -18447610.578984
215 -18447591.573611
216 -18447546.300049
217 -18447412.844189
218 -18447404.522881
219 -18447399.376676
220 -18447254.026122
221 -18446938.004538
222 -18446799.926055
223 -18446576.242222
224 -18446442.060403
225 -18446410.742420
226 -18446394.499576
227 -18446384.129556
228 -18446117.461123
229 -18446047.574676
230 -18445991.970202
231 -18445984.039673
232 -18445933.371521
233 -18445932.141975
234 -18445870.861885
235 -18445802.911237
236 -18445420.699619
237 -18445355.059644
238 -18445326.570385
239 -18445231.013972
240 -18445191.300692
241 -18445172.044390
242 -18445127.978357
243 -18445125.211207
244 -18445015.165539
245 -18444994.546962
246 -18444989.157649
247 -18444978.778832
248 -18444854.357700
249 -18444827.508591
250 -18444669.677464
251 -18444468.328037
252 -18444453.933126
253 -18444352.370251
254 -18444156.231207
255 -18443813.175133
256 -18443778.095801
257 -18443731.010846
258 -18443681.158252
259 -18443551.735246
260 -18443546.056167
261 -18443536.105905
262 -18443524.681737
263 -18443463.224362
264 -18443133.815193
265 -18443050.823953
266 -18443002.411806
267 -18442709.599160
268 -18442683.045437
269 -18442620.671911
270 -18442549.108363
271 -18442528.794883
272 -18442439.351512
273 -18442385.508860
274 -18442236.029532
275 -18442168.813732
276 -18441990.291204
277 -18441987.451423
278 -18441968.979746
279 -18441965.207851
280 -18441963.985914
281 -18441954.540830
282 -18441941.690969
283 -18441728.287351
284 -18441634.216502
285 -18441233.789082
286 -18441188.464173
287 -18440987.603572
288 -18440867.120768
289 -18440789.765001
290 -18440741.401291
291 -18440651.781166
292 -18440335.122889
293 -18440295.931694
294 -18440172.823301
295 -18440153.989032
296 -18440137.131001
297 -18440045.501414
298 -18439960.087419
299 -18439933.633141
300 -18439923.321712
301 -18439909.404992
302 -18439908.665885
303 -18439868.795609
304 -18439723.656373
305 -18439706.771186
306 -18439702.512291
307 -18439689.294611
308 -18439654.795791
309 -18439594.261553
310 -18439543.720646
311 -18439464.984884
312 -18439405.861782
313 -18439268.691453
314 -18439245.988724
315 -18439020.151518
316 -18439004.256124
317 -18438975.338477
318 -18438953.816648
319 -18438905.473874
320 -18438883.134265
321 -18438695.521993
322 -18438265.208581
323 -18438228.495933
324 -18438200.065555
325 -18438151.739222
326 -18438138.949430
327 -18438131.885072
328 -18438111.524098
329 -18438102.848752
330 -18438074.789873
331 -18438071.807093
332 -18437963.231984
333 -18437904.888901
334 -18437835.099435
335 -18437798.914622
336 -18437740.941399
337 -18437615.389084
338 -18437563.964123
339 -18437530.129189
340 -18437502.903391
341 -18437459.119453
342 -18437407.514208
343 -18437360.756923
344 -18437335.337562
345 -18437306.421106
346 -18437252.454491
347 -18437231.547008
348 -18437204.957503
349 -18437196.783834
350 -18437196.020306
351 -18437075.249318
352 -18437046.717627
353 -18436994.688970
354 -18436939.412755
355 -18436926.351018
356 -18436827.510983
357 -18436757.284700
358 -18436683.582668
359 -18436645.344310
360 -18436549.808312
361 -18436516.061874
362 -18436219.259394
363 -18436176.456518
364 -18436156.547357
365 -18436139.059353
366 -18436108.792235
367 -18436038.240233
368 -18435965.529091
369 -18435843.046273
370 -18435738.375555
371 -18435405.938074
372 -18435362.433959
373 -18435325.379954
374 -18435295.589814
375 -18435279.922984
376 -18435252.373599
377 -18435221.626321
378 -18435201.105125
379 -18435165.118344
380 -18435051.865397
381 -18435026.156553
382 -18434993.128484
383 -18434892.107714
384 -18434885.236169
385 -18434883.012834
386 -18434805.435242
387 -18434801.126512
388 -18434746.517241
389 -18434738.220595
390 -18434726.607265
391 -18434721.808508
392 -18434687.700622
393 -18434506.160529
394 -18434460.627054
395 -18434352.072746
396 -18434292.851143
397 -18434215.394299
398 -18433849.715421
399 -18433799.104362
400 -18433512.158588
401 -18433448.221796
402 -18433432.991705
403 -18433400.851700
404 -18433334.178834
405 -18433312.705345
406 -18433279.804954
407 -18433263.738360
408 -18433118.669648
409 -18433028.842640
410 -18432902.045150
411 -18432897.858899
412 -18432763.694489
413 -18432640.929339
414 -18432599.508865
415 -18432576.639614
416 -18432527.048949
417 -18432525.896047
418 -18432521.127989
419 -18432517.044577
420 -18432515.814032
421 -18432493.247839
422 -18432402.317694
423 -18432168.108749
424 -18432161.604841
425 -18432153.633632
426 -18432061.873915
427 -18432059.480176
428 -18432054.232291
429 -18431950.619035
430 -18431868.465166
431 -18431845.421647
432 -18431787.231562
433 -18431687.866267
434 -18431645.587803
435 -18431352.226160
436 -18431302.252008
437 -18431267.615446
438 -18431208.245656
439 -18431172.932568
440 -18431144.487991
441 -18431094.201377
442 -18431074.068836
443 -18431040.353408
444 -18431027.783367
445 -18430759.033012
446 -18430719.836470
447 -18430559.683757
448 -18430215.830136
449 -18430173.362099
450 -18430168.128918
451 -18430063.288265
452 -18430022.603831
453 -18429997.949664
454 -18429918.459216
455 -18429917.461069
456 -18429914.476404
457 -18429907.373274
458 -18429902.963895
459 -18429870.505544
460 -18429848.769914
461 -18429827.932365
462 -18429801.591516
463 -18429791.662171
464 -18429786.504262
465 -18429779.080866
466 -18429768.923680
467 -18429765.255963
468 -18429763.425832
469 -18429761.796082
470 -18429761.190750
471 -18429753.005484
472 -18429589.465800
473 -18429407.681626
474 -18429373.055468
475 -18429263.622629
476 -18429042.767959
477 -18429009.607343
478 -18428962.642521
479 -18428901.412338
480 -18428843.053749
481 -18428567.563453
482 -18428502.071722
483 -18428414.922955
484 -18428393.525625
485 -18428333.634928
486 -18428290.730701
487 -18428273.683226
488 -18428245.241529
489 -18428213.897810
490 -18428196.682812
491 -18427976.417934
492 -18427936.443186
493 -18427899.047188
494 -18427878.289843
495 -18427877.269177
496 -18427876.792870
497 -18427821.328826
498 -18427792.225167
499 -18427773.023197
500 -18427745.609833
501 -18427658.696689
502 -18427646.356301
503 -18427639.496839
504 -18427476.776616
505 -18427475.305247
506 -18427429.173581
507 -18427407.655085
508 -18427392.027611
509 -18427379.301414
510 -18427293.302694
511 -18427287.455703
512 -18427274.454889
513 -18427271.383863
514 -18427269.962012
515 -18427249.894609
516 -18427237.023107
517 -18427236.328013
518 -18427201.596343
519 -18427187.856634
520 -18427178.048895
521 -18427143.006193
522 -18427141.441951
523 -18427102.920949
524 -18427007.623982
525 -18426947.002108
526 -18426799.328837
527 -18426656.088744
528 -18426612.828931
529 -18426517.602248
530 -18426406.962070
531 -18426353.060202
532 -18426296.352595
533 -18426270.746350
534 -18426245.865905
535 -18426232.806520
536 -18426174.080348
537 -18425936.626217
538 -18425903.961287
539 -18425894.333600
540 -18425872.281672
541 -18425830.465168
542 -18425802.191485
543 -18425775.224172
544 -18425746.111831
545 -18425706.232205
546 -18425693.020260
547 -18425642.467588
548 -18425611.724679
549 -18425559.155117
550 -18425343.792215
551 -18425303.768768
552 -18425112.408228
553 -18425101.631136
554 -18425062.831969
555 -18425037.796157
556 -18425015.407246
557 -18425001.252664
558 -18424994.773084
559 -18424979.249321
560 -18424963.480396
561 -18424954.515858
562 -18424868.177678
563 -18424866.327691
564 -18424843.732355
565 -18424834.868812
566 -18424832.058975
567 -18424828.919635
568 -18424825.937686
569 -18424823.212803
570 -18424785.146603
571 -18424727.144313
572 -18424714.265157
573 -18424667.679828
574 -18424598.308796
575 -18424572.615893
576 -18424523.555219
577 -18424486.147365
578 -18424343.743080
579 -18424313.748545
580 -18424084.860932
581 -18424053.114694
582 -18423916.163226
583 -18423865.745415
584 -18423839.691679
585 -18423808.730515
586 -18423779.326873
587 -18423673.682134
588 -18423639.050846
589 -18423587.314321
590 -18423572.110727
591 -18423522.710820
592 -18423202.737254
593 -18423163.016455
594 -18423142.972617
595 -18423117.392901
596 -18422994.942968
597 -18422981.149747
598 -18422968.339110
599 -18422952.421679
600 -18422876.299869
601 -18422760.548788
602 -18422718.759912
603 -18422703.589684
604 -18422696.989704
605 -18422666.905097
606 -18422632.714933
607 -18422615.089943
608 -18422585.391270
609 -18422584.177953
610 -18422568.064455
611 -18422535.949083
612 -18422401.576935
613 -18422318.799870
614 -18422316.763732
615 -18422310.245859
616 -18422292.242368
617 -18422271.956165
618 -18422165.866638
619 -18422165.176758
620 -18422152.178664
621 -18422070.397445
622 -18422062.716928
623 -18422053.687893
624 -18422050.806694
625 -18422024.602287
626 -18421973.348733
627 -18421935.609926
628 -18421914.328421
629 -18421908.621746
630 -18421899.577357
631 -18421899.426798
632 -18421816.910785
633 -18421692.154549
634 -18421658.808295
635 -18421549.609800
636 -18421523.144559
637 -18421475.518770
638 -18421442.893892
639 -18421416.839033
640 -18421374.638992
641 -18421345.273866
642 -18421255.563632
643 -18420952.258984
644 -18420866.790964
645 -18420834.018307
646 -18420807.365183
647 -18420775.214746
648 -18420744.823347
649 -18420696.644900
650 -18420665.531040
651 -18420640.076758
652 -18420621.460274
653 -18420591.442383
654 -18420569.769770
655 -18420535.365037
656 -18420508.669818
657 -18420438.720640
658 -18420425.324433
659 -18420415.895042
660 -18420398.928013
661 -18420379.164980
662 -18420347.766619
663 -18420314.240111
664 -18420284.953969
665 -18420260.434915
666 -18420162.891683
667 -18420147.297463
668 -18420134.139554
669 -18420116.094247
670 -18420095.121330
671 -18420064.809058
672 -18420043.748405
673 -18420042.626175
674 -18420014.699818
675 -18420006.266639
676 -18420005.483143
677 -18419937.740538
678 -18419801.058238
679 -18419800.383527
680 -18419764.285927
681 -18419760.647994
682 -18419748.014571
683 -18419736.779630
684 -18419733.669076
685 -18419700.704479
686 -18419690.998669
687 -18419682.297846
688 -18419681.720996
689 -18419679.192493
690 -18419674.836139
691 -18419668.028467
692 -18419643.698628
693 -18419407.986601
694 -18419404.025658
695 -18419340.761553
696 -18419268.470795
697 -18419168.112911
698 -18419103.465544
699 -18418972.199091
700 -18418897.351691
701 -18418831.075077
702 -18418763.537987
703 -18418746.293475
704 -18418703.468640
705 -18418666.437234
706 -18418628.200570
707 -18418602.982435
708 -18418572.801943
709 -18418549.845130
710 -18418395.038661
711 -18418378.507009
712 -18418370.192903
713 -18418362.891392
714 -18418337.439529
715 -18418306.642037
716 -18418275.069181
717 -18418192.985452
718 -18418181.436719
719 -18418166.902373
720 -18418152.829817
721 -18418111.277478
722 -18418081.033913
723 -18418055.657336
724 -18418028.223184
725 -18418014.915935
726 -18417888.846436
727 -18417782.135488
728 -18417727.078203
729 -18417669.291834
730 -18417647.969342
731 -18417618.008464
732 -18417605.227539
733 -18417578.553813
734 -18417571.771956
735 -18417570.391607
736 -18417551.698034
737 -18417525.731143
738 -18417502.551312
739 -18417451.135280
740 -18417422.849372
741 -18417400.938859
742 -18417384.984906
743 -18417373.347796
744 -18417313.455673
745 -18417171.767530
746 -18417170.548731
747 -18416892.544915
748 -18416861.262685
749 -18416854.492704
750 -18416832.664904
751 -18416806.292492
752 -18416799.411948
753 -18416796.644229
754 -18416791.468555
755 -18416785.509387
756 -18416701.470304
757 -18416680.519336
758 -18416671.988832
759 -18416648.902479
760 -18416626.107152
761 -18416613.999043
762 -18416601.959267
763 -18416587.726781
764 -18416580.775321
765 -18416577.824259
766 -18416571.180092
767 -18416567.209524
768 -18416562.294400
769 -18416556.309209
770 -18416545.354841
771 -18416545.004127
772 -18416544.605089
773 -18416543.357082
774 -18416540.209188
775 -18416472.394979
776 -18416468.794762
777 -18416466.592198
778 -18416415.846866
779 -18416399.417046
780 -18416393.047673
781 -18416390.149681
782 -18416384.775222
783 -18416384.032635
784 -18416381.006662
785 -18416378.368256
786 -18416126.808954
787 -18416070.668137
788 -18416023.680944
789 -18415847.592612
790 -18415802.837337
791 -18415759.170032
792 -18415696.792069
793 -18415662.662076
794 -18415637.279156
795 -18415288.850043
796 -18415267.145871
797 -18415205.690726
798 -18415170.620005
799 -18415123.152288
800 -18415100.922915
801 -18415078.983653
802 -18415048.439715
803 -18415008.130749
804 -18414989.602551
805 -18414891.971831
806 -18414784.537891
807 -18414749.001790
808 -18414722.699605
809 -18414551.832373
810 -18414510.321981
811 -18414486.626538
812 -18414471.131372
813 -18414435.454073
814 -18414419.830380
815 -18414282.766026
816 -18414249.083561
817 -18414223.786939
818 -18414201.139026
819 -18414182.756850
820 -18413889.867224
821 -18413811.031624
822 -18413749.356392
823 -18413732.847257
824 -18413725.468707
825 -18413710.169825
826 -18413692.985080
827 -18413648.595636
828 -18413627.983431
829 -18413602.842980
830 -18413583.522974
831 -18413564.796059
832 -18413533.227045
833 -18413510.641397
834 -18413498.037617
835 -18413472.678315
836 -18413432.261531
837 -18413397.520423
838 -18413295.409068
839 -18413257.403267
840 -18413193.005188
841 -18413159.121561
842 -18412931.093278
843 -18412576.965235
844 -18412576.691152
845 -18412551.995844
846 -18412533.323557
847 -18412447.039208
848 -18412436.227818
849 -18412422.512006
850 -18412238.273986
851 -18412234.759472
852 -18412183.994554
853 -18412082.552895
854 -18412076.449226
855 -18412056.536334
856 -18411872.116683
857 -18411865.795106
858 -18411786.941914
859 -18411614.990369
860 -18411567.885240
861 -18411561.552126
862 -18411520.342923
863 -18411459.212226
864 -18411416.020964
865 -18411411.914726
866 -18411411.481941
867 -18411343.160303
868 -18411341.365214
869 -18411340.460547
870 -18411335.717442
871 -18411129.684951
872 -18411088.378473
873 -18411043.841730
874 -18411018.677543
875 -18410968.194989
876 -18410962.447245
877 -18410956.817624
878 -18410956.732379
879 -18410956.365621
880 -18410932.786421
881 -18410831.893099
882 -18410758.360423
883 -18410696.848614
884 -18410671.145160
885 -18410556.970204
886 -18410359.299677
887 -18410305.499672
888 -18410262.887220
889 -18410228.446714
890 -18410145.928457
891 -18410039.880244
892 -18409867.633897
893 -18409755.674955
894 -18409723.025703
895 -18409611.216375
896 -18409593.229501
897 -18409286.286457
898 -18409252.937974
899 -18409235.819141
900 -18409215.757507
901 -18409183.540114
902 -18409158.823363
903 -18409094.916563
904 -18409063.393622
905 -18409037.879184
906 -18409006.949902
907 -18408987.502365
908 -18408960.455547
909 -18408861.280602
910 -18408794.926192
911 -18408766.924853
912 -18408715.194377
913 -18408669.420928
914 -18408595.957579
915 -18408528.905695
916 -18408148.116716
917 -18408113.325913
918 -18408074.124749
919 -18408043.905257
920 -18408009.011744
921 -18407989.715073
922 -18407973.286642
923 -18407954.941505
924 -18407941.673222
925 -18407923.925131
926 -18407751.582558
927 -18407743.476444
928 -18407722.891121
929 -18407715.223165
930 -18407701.457789
931 -18407698.872984
932 -18407655.626574
933 -18407624.670474
934 -18407604.876285
935 -18407585.299696
936 -18407388.214774
937 -18407373.850583
938 -18407342.567563
939 -18407327.058961
940 -18407306.174921
941 -18407299.171120
942 -18407292.791577
943 -18407288.890607
944 -18407129.623451
945 -18407041.028876
946 -18406963.130346
947 -18406876.162042
948 -18406857.712785
949 -18406851.505371
950 -18406823.175618
951 -18406804.575863
952 -18406798.889006
953 -18406766.221203
954 -18406750.615826
955 -18406735.093320
956 -18406704.939697
957 -18406663.816935
958 -18406641.457814
959 -18406636.457377
960 -18406616.712690
961 -18406601.173285
962 -18406476.357139
963 -18406468.536384
964 -18406285.661329
965 -18406278.926700
966 -18406276.501242
967 -18406273.924231
968 -18406263.633076
969 -18406262.044568
970 -18406101.006891
971 -18406083.541815
972 -18406080.130038
973 -18406078.967788
974 -18406076.635534
975 -18406017.430559
976 -18405986.107346
977 -18405947.365974
978 -18405942.719579
979 -18405936.407762
980 -18405928.465828
981 -18405901.940338
982 -18405828.127350
983 -18405815.501866
984 -18405683.697431
985 -18405679.638165
986 -18405437.006309
987 -18405426.780427
988 -18405425.672870
989 -18405421.318734
990 -18405420.775940
991 -18405415.776196
992 -18405414.939250
993 -18405409.468842
994 -18405408.681415
995 -18405362.091165
996 -18405361.411218
997 -18405324.703997
998 -18405277.618475
999 -18405255.644836
1000 -18405070.803905
