0 -5202362.440882
1 -5189231.834860
2 -5181523.303179
3 -5169570.718609
4 -5167258.831586
5 -5165761.273935
6 -5165264.041064
7 -5162238.762660
8 -5161138.858506
9 -5160294.751284
10 -5158035.582851
11 -5157431.045165
12 -5155939.439360
13 -5152801.383115
14 -5152417.531582
15 -5151282.990004
16 -5150885.467525
17 -5150502.889401
18 -5149775.925328
19 -5149584.446181
20 -5149403.844571
21 -5149523.371495
22 -5148159.642286
23 -5147904.909947
24 -5147335.085760
25 -5147318.450725
26 -5147165.220801
27 -5146507.927130
28 -5146373.310983
29 -5146179.567690
30 -5146057.953304
31 -5145519.262425
32 -5145414.744678
33 -5145270.264403
34 -5145026.920076
35 -5144009.670859
36 -5143887.422178
37 -5143812.380106
38 -5143808.873797
39 -5143680.525820
40 -5143295.280166
41 -5142897.337035
42 -5142563.345155
43 -5142293.935120
44 -5142210.078318
45 -5142096.470656
46 -5141729.735134
47 -5141571.997806
48 -5141225.422118
49 -5141162.000915
50 -5141040.800840
51 -5140882.184905
52 -5140825.397889
53 -5140519.997135
54 -5140459.971196
55 -5140528.043492
56 -5140232.451555
57 -5140027.369981
58 -5139930.338045
59 -5139610.204204
60 -5139556.847888
61 -5139145.527543
62 -5138864.032245
63 -5138277.540405
64 -5138133.915543
65 -5137585.813831
66 -5137530.866126
67 -5137587.899026
68 -5137366.192592
69 -5137149.911113
70 -5136944.871770
71 -5136450.670386
72 -5136139.994279
73 -5136060.487475
74 -5136030.410297
75 -5135726.906838
76 -5135514.469763
77 -5135526.752777
78 -5134985.342521
79 -5134896.891117
80 -5134690.099195
81 -5134608.488930
82 -5134151.300152
83 -5133973.142670
84 -5133991.003544
85 -5133793.839344
86 -5133763.860114
87 -5133399.180782
88 -5133430.686380
89 -5133385.647335
90 -5133357.396313
91 -5133004.816643
92 -5132928.177310
93 -5132764.134205
94 -5132519.128182
95 -5132439.504256
96 -5132379.280919
97 -5132328.021429
98 -5131992.336239
99 -5131990.133381
100 -5131628.848715
101 -5131575.536284
102 -5131499.540777
103 -5131477.029730
104 -5131501.262352
105 -5131377.188306
106 -5131327.314128
107 -5131270.708282
108 -5131205.358447
109 -5131138.068978
110 -5131071.779721
111 -5130962.143302
112 -5130811.976995
113 -5130747.868641
114 -5130585.470583
115 -5130521.308005
116 -5130458.277820
117 -5130116.982281
118 -5130060.340915
119 -5129232.026415
120 -5129172.293899
121 -5129104.945259
122 -5129048.222208
123 -5128990.175172
124 -5128778.143454
125 -5128803.234589
126 -5128715.402564
127 -5128559.855342
128 -5128525.076253
129 -5128494.867888
130 -5128511.393163
131 -5128215.738222
132 -5128170.073827
133 -5128139.606684
134 -5127754.288474
135 -5127663.148674
136 -5127692.722570
137 -5127657.657884
138 -5127658.175793
139 -5127462.654876
140 -5127444.087056
141 -5127415.725998
142 -5127415.165032
143 -5127299.754534
144 -5127300.716838
145 -5127123.866191
146 -5127009.250148
147 -5126946.606261
148 -5126961.015029
149 -5126908.726961
150 -5126800.708496
151 -5126754.538763
152 -5126592.478274
153 -5126560.995556
154 -5126519.382830
155 -5126504.828888
156 -5126394.599115
157 -5126335.764670
158 -5126292.095971
159 -5126128.449933
160 -5126153.198578
161 -5126116.673886
162 -5125846.754106
163 -5125744.701655
164 -5125523.005071
165 -5125504.008411
166 -5125388.551050
167 -5125293.685325
168 -5125227.810669
169 -5125253.106487
170 -5125192.728742
171 -5125159.402683
172 -5125013.094182
173 -5124868.088121
174 -5124855.532902
175 -5124762.104075
176 -5124748.790403
177 -5124134.144792
178 -5124036.758790
179 -5124052.464099
180 -5124039.263640
181 -5124013.265266
182 -5123978.238131
183 -5123886.804367
184 -5123866.472175
185 -5123636.830531
186 -5123558.044859
187 -5123577.565336
188 -5123498.928946
189 -5123491.072482
190 -5123465.175174
191 -5123476.927662
192 -5123299.109215
193 -5123072.249621
194 -5123090.408204
195 -5123055.236159
196 -5123057.636525
197 -5122949.281999
198 -5122749.141383
199 -5122658.555804
200 -5122646.762403
201 -5122591.249403
202 -5122530.719385
203 -5122455.768148
204 -5122276.649356
205 -5122270.887618
206 -5122214.035716
207 -5122014.668714
208 -5121794.495640
209 -5121783.554137
210 -5121696.996106
211 -5121677.707010
212 -5121662.947216
213 -5121610.174173
214 -5121556.475325
215 -5121568.534265
216 -5121586.795810
217 -5121557.891496
218 -5121521.629398
219 -5121497.531756
220 -5121392.962061
221 -5121298.095436
222 -5121221.041789
223 -5121231.972543
224 -5121189.929949
225 -5121124.143874
226 -5121120.419703
227 -5121136.486510
228 -5121076.377837
229 -5121091.222325
230 -5121033.724993
231 -5120983.905918
232 -5120953.372439
233 -5120881.632239
234 -5120841.924811
235 -5120741.017000
236 -5120689.862202
237 -5120644.002903
238 -5120597.792365
239 -5120587.775417
240 -5120472.742511
241 -5120445.003298
242 -5120363.324315
243 -5120282.458141
244 -5120238.002546
245 -5120192.782069
246 -5120193.966144
247 -5120148.798618
248 -5120103.154890
249 -5120009.796500
250 -5119991.420014
251 -5119945.891901
252 -5119895.940246
253 -5119852.579059
254 -5119790.559439
255 -5119667.088650
256 -5119587.016416
257 -5119546.210642
258 -5119469.033243
259 -5119362.507091
260 -5119295.570852
261 -5119255.193792
262 -5119214.835054
263 -5119171.098162
264 -5119130.550202
265 -5119067.735420
266 -5119013.553828
267 -5118973.025189
268 -5118934.717491
269 -5118894.285121
270 -5118852.426779
271 -5118806.927754
272 -5118801.700584
273 -5118760.980967
274 -5118721.363081
275 -5118680.914361
276 -5118667.944944
277 -5118640.953145
278 -5118610.801697
279 -5118543.114921
280 -5118505.592763
281 -5118466.787018
282 -5118429.195711
283 -5118389.534452
284 -5118349.665815
285 -5118310.326013
286 -5118309.283748
287 -5118123.500241
288 -5118080.554067
289 -5118012.882620
290 -5117974.374775
291 -5117935.775991
292 -5117897.030210
293 -5117858.913012
294 -5117379.326561
295 -5117397.339819
296 -5117412.174439
297 -5117377.694222
298 -5117340.654552
299 -5117305.839821
300 -5117267.130930
301 -5117178.284827
302 -5117145.437221
303 -5117110.080635
304 -5117076.156626
305 -5117039.308430
306 -5117004.724546
307 -5116969.396329
308 -5116836.762428
309 -5116821.902481
310 -5116783.598034
311 -5116742.298667
312 -5116731.962922
313 -5116696.452741
314 -5116684.802501
315 -5116651.034522
316 -5116556.018977
317 -5116466.823840
318 -5116479.521585
319 -5116422.149161
320 -5116408.556103
321 -5116186.964944
322 -5116068.356055
323 -5116036.008814
324 -5116004.545019
325 -5115971.301255
326 -5115939.305964
327 -5115798.507098
328 -5115784.109086
329 -5115754.230278
330 -5115720.830878
331 -5115688.849762
332 -5115657.751454
333 -5115626.814574
334 -5115592.555301
335 -5115572.695426
336 -5115456.289597
337 -5115433.418916
338 -5115306.075820
339 -5115276.616003
340 -5115106.835450
341 -5114932.610252
342 -5114911.068970
343 -5114901.897963
344 -5114907.404888
345 -5114916.697973
346 -5114886.592562
347 -5114813.666132
348 -5114783.095767
349 -5114753.017476
350 -5114717.304827
351 -5114730.764839
352 -5114741.813999
353 -5114712.997656
354 -5114686.026327
355 -5114656.800035
356 -5114627.411733
357 -5114598.993037
358 -5114596.335482
359 -5114610.076883
360 -5114620.678549
361 -5114591.346088
362 -5114564.741272
363 -5114531.801153
364 -5114497.434237
365 -5114480.960389
366 -5114334.675933
367 -5114340.698723
368 -5114313.580338
369 -5114286.526733
370 -5114258.661032
371 -5114231.649743
372 -5114204.659733
373 -5114179.510677
374 -5114154.779730
375 -5114171.648795
376 -5114095.084512
377 -5114104.196792
378 -5114088.758545
379 -5114071.704862
380 -5113978.434016
381 -5113928.847068
382 -5113901.746318
383 -5113875.526980
384 -5113849.851594
385 -5113823.033106
386 -5113743.554463
387 -5113735.501329
388 -5113746.029126
389 -5113736.888329
390 -5113696.260450
391 -5113676.833349
392 -5113689.850133
393 -5113701.437963
394 -5113677.418964
395 -5113660.511196
396 -5113630.465788
397 -5113606.482642
398 -5113583.482190
399 -5113557.051415
400 -5113533.209282
401 -5113419.823084
402 -5113309.420866
403 -5113282.514084
404 -5113284.136738
405 -5113230.132657
406 -5113205.525574
407 -5113180.821173
408 -5113163.299214
409 -5113140.341284
410 -5113124.285799
411 -5113076.078596
412 -5112980.273996
413 -5112938.015038
414 -5112932.268108
415 -5112840.669843
416 -5112841.697434
417 -5112816.979084
418 -5112792.284578
419 -5112769.107670
420 -5112758.134672
421 -5112735.921469
422 -5112609.388242
423 -5112587.532633
424 -5112564.381649
425 -5112542.632256
426 -5112393.940609
427 -5112388.071097
428 -5112403.583435
429 -5112382.489820
430 -5112370.207062
431 -5112356.326149
432 -5112334.281675
433 -5112312.057996
434 -5112287.041106
435 -5112197.692462
436 -5111765.146822
437 -5111640.614462
438 -5111621.029216
439 -5111572.288934
440 -5111533.634232
441 -5111509.766915
442 -5111503.766660
443 -5111467.633861
444 -5111371.182032
445 -5111342.867952
446 -5111280.162986
447 -5111246.957772
448 -5111227.925246
449 -5111204.049635
450 -5111183.289551
451 -5111164.382110
452 -5111144.505131
453 -5111123.409691
454 -5111105.065628
455 -5111086.274551
456 -5111067.342682
457 -5111064.758053
458 -5111012.913809
459 -5110923.783050
460 -5110831.076472
461 -5110812.732511
462 -5110793.985897
463 -5110774.295489
464 -5110755.910310
465 -5110736.504610
466 -5110717.812647
467 -5110698.077832
468 -5110623.680337
469 -5110574.981122
470 -5110556.943162
471 -5110539.359297
472 -5110520.756980
473 -5110503.184692
474 -5110485.511885
475 -5110467.860396
476 -5110434.904651
477 -5110426.720456
478 -5110411.884766
479 -5110361.548431
480 -5110292.897532
481 -5110237.554021
482 -5110246.295886
483 -5110229.196376
484 -5110212.355048
485 -5110195.593143
486 -5110178.102953
487 -5110159.971775
488 -5110143.007266
489 -5110083.670981
490 -5110022.651520
491 -5109938.595204
492 -5109921.338893
493 -5109904.531623
494 -5109886.227604
495 -5109870.436123
496 -5109812.264749
497 -5109757.445777
498 -5109702.598874
499 -5109686.942649
500 -5109671.081618
501 -5109654.115358
502 -5109637.320895
503 -5109621.176448
504 -5109605.140380
505 -5109589.906529
506 -5109574.692890
507 -5109553.089933
508 -5109553.858472
509 -5109495.804802
510 -5109454.933840
511 -5109395.408738
512 -5109303.560246
513 -5109288.781521
514 -5109274.232822
515 -5109284.856976
516 -5109231.653183
517 -5109192.148560
518 -5109158.635283
519 -5109102.765227
520 -5109088.020171
521 -5109074.079890
522 -5109078.067812
523 -5109027.123049
524 -5109015.458251
525 -5109001.649285
526 -5108988.944356
527 -5108974.970792
528 -5108960.860810
529 -5108947.817886
530 -5108957.256672
531 -5108943.373238
532 -5108894.413228
533 -5108842.419396
534 -5108799.862374
535 -5108717.851837
536 -5108649.433147
537 -5108560.804278
538 -5108565.460108
539 -5108559.872456
540 -5108517.773978
541 -5108505.574598
542 -5108492.801389
543 -5108480.047476
544 -5108466.978054
545 -5108454.000969
546 -5108248.347232
547 -5108236.984120
548 -5108223.081041
549 -5108217.221439
550 -5108170.631496
551 -5108122.631221
552 -5108051.181840
553 -5107938.876604
554 -5107924.118487
555 -5107909.616289
556 -5107891.328221
557 -5107874.042658
558 -5107826.932204
559 -5107779.754554
560 -5107732.157267
561 -5107672.149570
562 -5107660.622926
563 -5107644.828105
564 -5107635.829734
565 -5107570.353456
566 -5107552.398839
567 -5107502.553291
568 -5107457.938515
569 -5107413.094479
570 -5107368.019520
571 -5107322.062044
572 -5107276.172241
573 -5107282.414776
574 -5107251.849369
575 -5107148.222500
576 -5107122.817393
577 -5107119.599250
578 -5107107.770726
579 -5107097.210402
580 -5107085.605869
581 -5107073.816172
582 -5107063.273200
583 -5107052.510539
584 -5107042.060245
585 -5107031.671245
586 -5107031.615007
587 -5106987.058663
588 -5106944.636174
589 -5106894.662803
590 -5106856.205066
591 -5106833.952291
592 -5106749.751216
593 -5106726.510475
594 -5106681.272396
595 -5106634.150515
596 -5106626.817092
597 -5106589.670942
598 -5106571.941389
599 -5106530.051992
600 -5106488.585158
601 -5106446.376633
602 -5106403.780429
603 -5106363.234365
604 -5106322.247489
605 -5106280.454714
606 -5106236.951804
607 -5106237.579158
608 -5106242.123786
609 -5106226.152177
610 -5106142.222140
611 -5106101.736172
612 -5106071.016595
613 -5105970.584515
614 -5105978.355337
615 -5105980.584025
616 -5105970.976749
617 -5105955.925264
618 -5105949.241590
619 -5105909.331844
620 -5105892.432212
621 -5105897.998830
622 -5105872.774953
623 -5105851.559384
624 -5105840.313619
625 -5105848.935339
626 -5105839.748268
627 -5105828.699777
628 -5105817.294693
629 -5105762.612728
630 -5105769.814475
631 -5105732.785192
632 -5105694.239862
633 -5105655.979499
634 -5105617.478581
635 -5105578.078770
636 -5105540.377662
637 -5105501.709987
638 -5105463.779807
639 -5105425.623286
640 -5105377.849051
641 -5105383.820069
642 -5105334.121890
643 -5105258.072005
644 -5105177.633945
645 -5105183.707695
646 -5105174.738376
647 -5105166.717514
648 -5105155.941929
649 -5105151.821861
650 -5105114.710060
651 -5105074.019531
652 -5105035.832581
653 -5104999.376187
654 -5104979.174906
655 -5104985.689820
656 -5104979.664777
657 -5104917.621694
658 -5104876.815817
659 -5104851.661922
660 -5104840.742851
661 -5104783.606237
662 -5104748.652280
663 -5104713.475260
664 -5104678.424400
665 -5104644.113502
666 -5104608.470247
667 -5104571.825394
668 -5104536.996664
669 -5104326.981615
670 -5104263.179883
671 -5104253.777093
672 -5104245.647454
673 -5104237.822958
674 -5104201.454720
675 -5104123.619440
676 -5104118.358072
677 -5104097.426019
678 -5104063.143270
679 -5104028.100361
680 -5103994.546891
681 -5103960.294593
682 -5103925.854126
683 -5103891.505688
684 -5103857.764764
685 -5103822.786729
686 -5103787.432283
687 -5103754.122652
688 -5103716.790852
689 -5103625.327902
690 -5103547.534445
691 -5103552.779212
692 -5103547.631740
693 -5103537.751441
694 -5103492.074191
695 -5103470.072457
696 -5103453.986168
697 -5103421.638599
698 -5103388.469458
699 -5103356.294864
700 -5103324.689284
701 -5103292.060127
702 -5103266.538474
703 -5103269.104986
704 -5103274.927362
705 -5103280.591625
706 -5103273.779923
707 -5103266.431359
708 -5103234.535009
709 -5103203.483427
710 -5103172.029719
711 -5103139.818130
712 -5103107.875302
713 -5103076.680808
714 -5103035.634526
715 -5103018.694096
716 -5103021.665222
717 -5103026.966742
718 -5103032.998372
719 -5103012.585105
720 -5102997.240511
721 -5103002.672674
722 -5102992.792275
723 -5102989.610193
724 -5102959.917752
725 -5102929.867296
726 -5102901.009518
727 -5102870.056829
728 -5102837.421095
729 -5102808.229855
730 -5102783.743815
731 -5102711.767770
732 -5102495.959424
733 -5102470.930419
734 -5102454.037803
735 -5102436.078278
736 -5102414.963482
737 -5102315.976823
738 -5102321.356650
739 -5102324.369487
740 -5102318.806119
741 -5102311.339137
742 -5102280.260423
743 -5102251.970098
744 -5102231.593199
745 -5102200.166020
746 -5102142.835615
747 -5102112.658945
748 -5102038.319598
749 -5102032.509728
750 -5102019.503906
751 -5102000.885536
752 -5101958.148990
753 -5101961.617370
754 -5101944.717677
755 -5101933.462427
756 -5101878.495572
757 -5101874.237042
758 -5101860.092691
759 -5101852.656540
760 -5101818.037664
761 -5101800.801792
762 -5101791.996092
763 -5101775.697261
764 -5101775.282795
765 -5101760.275940
766 -5101765.749190
767 -5101748.824398
768 -5101707.768414
769 -5101689.906106
770 -5101671.919312
771 -5101658.357323
772 -5101642.625201
773 -5101581.973474
774 -5101556.328826
775 -5101554.372967
776 -5101553.539143
777 -5101547.174919
778 -5101537.956512
779 -5101496.209574
780 -5101458.839577
781 -5101416.197503
782 -5101370.139731
783 -5101369.934217
784 -5101354.057093
785 -5101344.250323
786 -5101339.285368
787 -5101336.123734
788 -5101307.321179
789 -5101237.634002
790 -5101167.289542
791 -5101094.764530
792 -5101069.282768
793 -5101062.220010
794 -5101064.602674
795 -5101048.964034
796 -5101036.228523
797 -5100997.533300
798 -5100967.979996
799 -5100973.326365
800 -5100959.759782
801 -5100953.210982
802 -5100946.735191
803 -5100939.112886
804 -5100934.093124
805 -5100923.431933
806 -5100889.864498
807 -5100856.065966
808 -5100826.624140
809 -5100825.245618
810 -5100793.127604
811 -5100777.260193
812 -5100769.596385
813 -5100764.008505
814 -5100739.827407
815 -5100716.005518
816 -5100690.603465
817 -5100658.138020
818 -5100663.063683
819 -5100667.506278
820 -5100661.646831
821 -5100654.452304
822 -5100645.968593
823 -5100612.783004
824 -5100566.726847
825 -5100550.261128
826 -5100540.319372
827 -5100532.157550
828 -5100515.049481
829 -5100495.902110
830 -5100431.534695
831 -5100406.655588
832 -5100392.287613
833 -5100350.568438
834 -5100211.620904
835 -5100214.378382
836 -5100210.870390
837 -5100215.143212
838 -5100222.580121
839 -5100218.275698
840 -5100210.911522
841 -5100171.338436
842 -5100140.865573
843 -5100129.897110
844 -5100124.089627
845 -5100117.979896
846 -5100107.038373
847 -5100102.790629
848 -5100087.971434
849 -5100077.762870
850 -5100050.991149
851 -5100030.200262
852 -5100009.636372
853 -5099979.868370
854 -5099949.241487
855 -5099936.568492
856 -5099904.885621
857 -5099891.384324
858 -5099895.262990
859 -5099890.908375
860 -5099879.510381
861 -5099873.891092
862 -5099861.948706
863 -5099856.854500
864 -5099826.719695
865 -5099797.239507
866 -5099767.984408
867 -5099737.185378
868 -5099706.841220
869 -5099697.546133
870 -5099683.268604
871 -5099676.696281
872 -5099666.360440
873 -5099658.244034
874 -5099649.466731
875 -5099640.485135
876 -5099583.258464
877 -5099515.167304
878 -5099453.610263
879 -5099459.548376
880 -5099461.679073
881 -5099452.709491
882 -5099406.119690
883 -5099329.756615
884 -5099317.261284
885 -5099318.838983
886 -5099324.745720
887 -5099320.800518
888 -5099325.079366
889 -5099316.354010
890 -5099307.017493
891 -5099299.475439
892 -5099272.215555
893 -5099244.549865
894 -5099217.015304
895 -5099190.381236
896 -5099162.074037
897 -5099167.485075
898 -5099170.567482
899 -5099169.957899
900 -5099176.618662
901 -5099145.492050
902 -5099127.206211
903 -5099121.728810
904 -5099110.531285
905 -5099093.704101
906 -5099093.799578
907 -5099072.606432
908 -5099048.505152
909 -5099020.760074
910 -5098991.151638
911 -5098967.582981
912 -5098971.975678
913 -5098964.152363
914 -5098955.725525
915 -5098881.611524
916 -5098824.745450
917 -5098822.980310
918 -5098827.752588
919 -5098831.470589
920 -5098837.075847
921 -5098829.998031
922 -5098804.006790
923 -5098778.438758
924 -5098751.700094
925 -5098724.721262
926 -5098699.283011
927 -5098673.432564
928 -5098633.616611
929 -5098630.334921
930 -5098630.450544
931 -5098631.155303
932 -5098630.772897
933 -5098634.268980
934 -5098627.345240
935 -5098614.573020
936 -5098601.215868
937 -5098591.917625
938 -5098588.806707
939 -5098580.389380
940 -5098572.532079
941 -5098566.726255
942 -5098537.176366
943 -5098519.956575
944 -5098483.881910
945 -5098433.110500
946 -5098389.996114
947 -5098338.842241
948 -5098326.025198
949 -5098329.411009
950 -5098323.650553
951 -5098300.307509
952 -5098307.116485
953 -5098297.026730
954 -5098288.916659
955 -5098283.522119
956 -5098273.549799
957 -5098250.569729
958 -5098226.506708
959 -5098202.690762
960 -5098178.299421
961 -5098154.157455
962 -5098129.560156
963 -5098105.322029
964 -5098081.887713
965 -5098043.774647
966 -5098020.196641
967 -5098010.824980
968 -5098018.160338
969 -5098018.380537
970 -5098009.712216
971 -5098006.768716
972 -5098000.115593
973 -5097994.511493
974 -5097970.854075
975 -5097944.104946
976 -5097895.570289
977 -5097844.405353
978 -5097819.271496
979 -5097760.930056
980 -5097718.261732
981 -5097711.244057
982 -5097702.550948
983 -5097694.737835
984 -5097687.333622
985 -5097679.942131
986 -5097670.632393
987 -5097660.661677
988 -5097650.570899
989 -5097649.272547
990 -5097647.594696
991 -5097649.444878
992 -5097655.932876
993 -5097660.305711
994 -5097654.754765
995 -5097647.240962
996 -5097625.516964
997 -5097602.382890
998 -5097579.317405
999 -5097557.283861
1000 -5097534.405211
