0 -5202362.440882
1 -5189231.834860
2 -5181523.303179
3 -5179264.962214
4 -5179257.088597
5 -5179249.214976
6 -5179241.381324
7 -5179233.583243
8 -5179225.788121
9 -5179218.025749
10 -5179210.267560
11 -5179202.509503
12 -5179194.781526
13 -5179187.019131
14 -5179179.299485
15 -5179171.571497
16 -5179163.883585
17 -5179156.155632
18 -5179148.471671
19 -5179140.787699
20 -5179133.105028
21 -5179125.422436
22 -5177679.470958
23 -5177671.794135
24 -5177664.085014
25 -5177656.421103
26 -5177648.759691
27 -5177641.114095
28 -5177633.468501
29 -5177625.837884
30 -5177618.168820
31 -5177588.059137
32 -5177580.432182
33 -5177572.805232
34 -5177565.189916
35 -5177557.584259
36 -5177549.990604
37 -5177542.396935
38 -5177534.771205
39 -5177527.185241
40 -5177519.569915
41 -5177512.002668
42 -5177504.441279
43 -5177496.884471
44 -5177489.338527
45 -5177481.763090
46 -5177474.226201
47 -5177466.696562
48 -5177459.166983
49 -5177451.608912
50 -5177444.050965
51 -5177436.527451
52 -5177429.010070
53 -5177421.492576
54 -5177413.992604
55 -5177406.492739
56 -5177399.003076
57 -5177391.524115
58 -5177384.047699
59 -5177376.571360
60 -5177369.095015
61 -5177361.630796
62 -5177354.166580
63 -5176284.114473
64 -5176276.642380
65 -5176269.170319
66 -5176261.698237
67 -5176254.228777
68 -5176246.759351
69 -5176239.289817
70 -5176231.822451
71 -5176224.386349
72 -5176216.951170
73 -5176209.516011
74 -5176202.080824
75 -5176194.647191
76 -5176187.223551
77 -5176179.803354
78 -5176172.387678
79 -5176164.976893
80 -5176157.541651
81 -5176150.153729
82 -5176142.765775
83 -5176135.378746
84 -5176127.997015
85 -5176120.615756
86 -5176113.234459
87 -5176105.853210
88 -5176098.471472
89 -5176091.090170
90 -5176083.713628
91 -5176076.309678
92 -5176068.939268
93 -5176061.575475
94 -5176054.218687
95 -5176046.861899
96 -5176039.505080
97 -5176032.151542
98 -5176024.807263
99 -5176017.462470
100 -5176010.121325
101 -5176002.780242
102 -5175995.447816
103 -5175988.115355
104 -5175980.718645
105 -5175973.399749
106 -5175966.083921
107 -5175958.774838
108 -5175951.473687
109 -5175944.068176
110 -5175936.767874
111 -5175929.467600
112 -5175922.170408
113 -5175914.850607
114 -5175907.518082
115 -5175900.222596
116 -5175892.934562
117 -5175885.614293
118 -5175878.330142
119 -5175871.045975
120 -5175863.736814
121 -5175856.460826
122 -5175849.186197
123 -5175841.877449
124 -5175834.620580
125 -5175827.366250
126 -5175820.111976
127 -5175812.870633
128 -5175805.591586
129 -5175798.331775
130 -5175791.096975
131 -5175783.840146
132 -5175776.613567
133 -5174954.736294
134 -5174947.502783
135 -5174940.241514
136 -5174933.017371
137 -5174925.793226
138 -5174918.570672
139 -5174911.361346
140 -5174904.157228
141 -5174896.954254
142 -5174889.754417
143 -5174882.564869
144 -5174875.347889
145 -5174868.164163
146 -5174860.983128
147 -5174853.802086
148 -5174846.621056
149 -5174839.438402
150 -5174832.227126
151 -5174825.058746
152 -5174817.841741
153 -5174810.656054
154 -5174803.495323
155 -5174796.314267
156 -5174789.160304
157 -5174782.008635
158 -5174774.830615
159 -5174767.654197
160 -5174760.506621
161 -5174753.359094
162 -5174746.211414
163 -5174739.070248
164 -5174731.933831
165 -5174724.733950
166 -5174717.601221
167 -5174710.468542
168 -5174703.307731
169 -5174696.180503
170 -5174689.053304
171 -5174681.883297
172 -5174674.695130
173 -5174667.568993
174 -5174660.444370
175 -5174653.319303
176 -5174646.197553
177 -5174639.076907
178 -5174631.944128
179 -5174624.790111
180 -5174617.657321
181 -5174610.551168
182 -5174603.444626
183 -5174596.339096
184 -5174589.233606
185 -5174582.136038
186 -5174574.981921
187 -5174567.883960
188 -5174560.792391
189 -5174553.702929
190 -5174546.613447
191 -5174539.525029
192 -5174532.396578
193 -5174525.309923
194 -5174518.232418
195 -5174511.154842
196 -5174504.083218
197 -5174497.012612
198 -5174489.942022
199 -5174482.884866
200 -5174475.831731
201 -5174468.697015
202 -5174461.652103
203 -5174454.607831
204 -5174447.563610
205 -5174440.520716
206 -5174433.478502
207 -5174426.436216
208 -5174419.399723
209 -5174412.363802
210 -5174405.331631
211 -5174398.301730
212 -5174391.277240
213 -5174384.252661
214 -5174377.228747
215 -5174370.215724
216 -5174363.179101
217 -5174356.149273
218 -5174349.128663
219 -5174342.131893
220 -5174335.140863
221 -5174328.162258
222 -5174321.184556
223 -5174314.171453
224 -5174307.193757
225 -5174300.216021
226 -5174293.242460
227 -5174286.241111
228 -5174279.267505
229 -5174272.242887
230 -5174265.271139
231 -5174258.253173
232 -5174251.288001
233 -5174244.324706
234 -5174237.329424
235 -5174230.377283
236 -5174223.426371
237 -5174216.475762
238 -5174209.529115
239 -5174202.581247
240 -5174195.613864
241 -5174188.650546
242 -5174181.690032
243 -5174174.726650
244 -5174167.796430
245 -5174160.866166
246 -5174153.934696
247 -5174146.973515
248 -5174140.009475
249 -5174133.011879
250 -5174126.068257
251 -5174119.160343
252 -5174112.258599
253 -5174105.356849
254 -5174098.461180
255 -5174091.566708
256 -5174084.675393
257 -5174077.761835
258 -5174070.883157
259 -5174064.008845
260 -5174057.116947
261 -5174050.242620
262 -5174043.340826
263 -5174036.419781
264 -5174029.549937
265 -5173489.699412
266 -5173482.828468
267 -5173475.917554
268 -5173469.015961
269 -5173462.156519
270 -5173455.299618
271 -5173448.422770
272 -5173441.570860
273 -5173434.720818
274 -5173427.811991
275 -5173420.970433
276 -5172865.515449
277 -5172858.677436
278 -5172851.819732
279 -5172844.986354
280 -5172838.133549
281 -5172831.301212
282 -5172824.452564
283 -5172817.587228
284 -5172810.744053
285 -5172803.921416
286 -5172797.098683
287 -5172790.247843
288 -5172783.394147
289 -5172776.550992
290 -5172769.733081
291 -5172762.914401
292 -5172756.098678
293 -5172749.289834
294 -5172742.482009
295 -5172735.663291
296 -5172728.820074
297 -5172722.022732
298 -5172715.226222
299 -5172708.432248
300 -5172701.622544
301 -5172694.848434
302 -5172688.030791
303 -5172681.262026
304 -5172674.491180
305 -5172667.685906
306 -5172660.918122
307 -5172654.163635
308 -5172647.394837
309 -5172640.641348
310 -5172633.892094
311 -5172627.098069
312 -5172620.357476
313 -5172613.616877
314 -5172606.876552
315 -5172600.071017
316 -5172593.339682
317 -5172586.611830
318 -5172579.891955
319 -5172573.150341
320 -5172566.356345
321 -5172559.586709
322 -5172552.841847
323 -5172546.056903
324 -5172539.349185
325 -5172532.650521
326 -5172525.926301
327 -5172519.238741
328 -5172512.559977
329 -5172505.865837
330 -5172499.187087
331 -5172492.489391
332 -5172485.769904
333 -5172479.055046
334 -5172472.392809
335 -5172465.727781
336 -5172459.065565
337 -5172452.322137
338 -5172445.661990
339 -5172439.000641
340 -5172432.327390
341 -5172425.631046
342 -5172418.944064
343 -5172412.291062
344 -5172405.640089
345 -5172398.978711
346 -5172392.314857
347 -5172385.633898
348 -5172378.971644
349 -5172372.339209
350 -5172365.707237
351 -5172358.957730
352 -5172352.328568
353 -5172345.688580
354 -5172339.069746
355 -5172332.452837
356 -5172325.835106
357 -5172319.216636
358 -5172312.603885
359 -5172305.987831
360 -5172299.306820
361 -5172292.693640
362 -5172271.772076
363 -5172265.164225
364 -5172258.557888
365 -5172251.951556
366 -5172245.333318
367 -5172238.733142
368 -5172232.119443
369 -5172225.480447
370 -5172218.816634
371 -5172212.229542
372 -5172205.640214
373 -5172199.059796
374 -5172192.467308
375 -5172185.886424
376 -5172179.270329
377 -5172172.694092
378 -5172166.086232
379 -5172159.510395
380 -5172152.933710
381 -5172146.359730
382 -5172139.744242
383 -5172114.885754
384 -5172108.316297
385 -5172101.697291
386 -5172095.139456
387 -5172088.414101
388 -5172081.784529
389 -5172075.215862
390 -5172068.662287
391 -5172062.104794
392 -5172055.547295
393 -5172048.953469
394 -5172042.369185
395 -5172035.789327
396 -5172029.249081
397 -5172022.697309
398 -5172016.166542
399 -5172009.646691
400 -5172003.097369
401 -5171996.524764
402 -5171989.999949
403 -5171983.488889
404 -5171620.827568
405 -5171614.311186
406 -5171607.798590
407 -5171601.284794
408 -5171594.770956
409 -5171588.260996
410 -5171581.757546
411 -5171575.253949
412 -5171568.750404
413 -5171185.058204
414 -5171178.557874
415 -5171172.034883
416 -5171165.532807
417 -5171159.030705
418 -5171152.533045
419 -5171145.961938
420 -5171139.474224
421 -5171132.989719
422 -5171126.486095
423 -5171120.002158
424 -5171113.500915
425 -5171106.999586
426 -5171100.503250
427 -5171094.006882
428 -5171087.506580
429 -5171081.025351
430 -5171074.507090
431 -5171068.028923
432 -5171061.518451
433 -5171055.040830
434 -5171048.565593
435 -5170679.623155
436 -5170673.133705
437 -5170666.664235
438 -5170660.196669
439 -5170653.714139
440 -5170647.224849
441 -5170640.761655
442 -5170634.299233
443 -5170627.822303
444 -5170621.360966
445 -5170614.895283
446 -5170608.429642
447 -5170601.916215
448 -5170595.424753
449 -5170588.918303
450 -5170582.446949
451 -5170575.994345
452 -5170569.495987
453 -5170563.001339
454 -5170556.553266
455 -5170550.105519
456 -5170543.657591
457 -5170537.212058
458 -5170530.768140
459 -5170524.320323
460 -5170517.821923
461 -5170511.374070
462 -5170504.920537
463 -5170498.442427
464 -5170491.942548
465 -5170485.505772
466 -5170479.068992
467 -5170472.606361
468 -5170466.189474
469 -5170459.756259
470 -5170453.343043
471 -5170446.927501
472 -5170440.510670
473 -5170434.032436
474 -5170427.592770
475 -5170421.198057
476 -5170414.759013
477 -5170408.367438
478 -5170401.975812
479 -5170395.564837
480 -5170389.137973
481 -5170382.747656
482 -5170376.324134
483 -5170369.941716
484 -5170363.515678
485 -5170357.091115
486 -5170350.711046
487 -5170344.329358
488 -5170337.949212
489 -5170331.556833
490 -5170325.183209
491 -5170318.804743
492 -5170312.393664
493 -5170305.987408
494 -5170299.618720
495 -5170293.254899
496 -5170286.894559
497 -5170280.537510
498 -5170274.176483
499 -5170267.813555
500 -5170261.450606
501 -5170255.079537
502 -5170248.710038
503 -5170242.340522
504 -5170235.984923
505 -5170229.588408
506 -5170223.224860
507 -5170216.882748
508 -5170210.532256
509 -5170204.168364
510 -5170197.837568
511 -5170191.495704
512 -5170185.147045
513 -5170178.806974
514 -5170172.455298
515 -5170166.070070
516 -5170159.750273
517 -5170153.413007
518 -5170147.065399
519 -5170140.734171
520 -5170134.417484
521 -5170128.057737
522 -5170121.745261
523 -5170115.434501
524 -5170109.121993
525 -5170102.721628
526 -5170096.411916
527 -5170090.102239
528 -5170083.746164
529 -5170077.438244
530 -5170071.101184
531 -5170064.799490
532 -5170058.502484
533 -5170052.184306
534 -5170045.851058
535 -5170039.547496
536 -5170033.207487
537 -5170026.922865
538 -5170020.643355
539 -5170014.347120
540 -5170008.052074
541 -5170001.780579
542 -5169995.513928
543 -5169989.170407
544 -5169982.889182
545 -5169976.577712
546 -5169970.317858
547 -5169964.026704
548 -5169957.736662
549 -5169951.456256
550 -5169945.187771
551 -5169938.919735
552 -5169932.633936
553 -5169926.350006
554 -5169920.098147
555 -5169913.850427
556 -5169907.580216
557 -5169901.309417
558 -5169895.061599
559 -5169888.779003
560 -5169882.537660
561 -5169876.292792
562 -5169870.056099
563 -5169863.822996
564 -5169857.590082
565 -5169851.321459
566 -5169845.091571
567 -5169838.822401
568 -5169832.608709
569 -5169826.394708
570 -5169820.144237
571 -5169813.904613
572 -5169807.649412
573 -5169801.432560
574 -5169795.196139
575 -5169788.990897
576 -5169782.783071
577 -5169776.574691
578 -5169770.381248
579 -5169764.168729
580 -5169757.975664
581 -5169751.789308
582 -5169745.607725
583 -5169739.391870
584 -5169733.207237
585 -5169727.036220
586 -5169720.858695
587 -5169714.687606
588 -5169708.439639
589 -5169702.239943
590 -5169696.067308
591 -5169689.905340
592 -5169683.738549
593 -5169677.536328
594 -5169671.385951
595 -5169665.231393
596 -5169659.069380
597 -5169652.831880
598 -5169646.659648
599 -5169640.495875
600 -5169634.348618
601 -5169628.162600
602 -5169622.000576
603 -5169615.863047
604 -5169609.686144
605 -5169603.548080
606 -5169597.396585
607 -5169591.262648
608 -5169585.090241
609 -5169578.924080
610 -5169572.790576
611 -5169566.670082
612 -5169560.552346
613 -5169554.421512
614 -5169548.305320
615 -5169542.181015
616 -5169536.071658
617 -5169529.927096
618 -5169523.807770
619 -5169517.703131
620 -5169511.603496
621 -5169505.486008
622 -5169499.393621
623 -5169493.289591
624 -5169487.197052
625 -5169481.097529
626 -5169474.991389
627 -5169468.838526
628 -5169462.752419
629 -5169456.667738
630 -5169450.575033
631 -5169444.462245
632 -5169438.349642
633 -5169200.590539
634 -5169194.508711
635 -5169188.426841
636 -5169182.330026
637 -5169176.251891
638 -5169170.175967
639 -5169164.077008
640 -5169157.988317
641 -5169151.918974
642 -5169145.858238
643 -5169139.748573
644 -5169133.667516
645 -5169127.571612
646 -5169121.491176
647 -5169115.431244
648 -5169109.352517
649 -5169103.289184
650 -5169097.224819
651 -5169091.144420
652 -5169085.099882
653 -5169079.028408
654 -5169072.990620
655 -5169066.910117
656 -5169060.837974
657 -5169054.801570
658 -5169048.717250
659 -5169042.681034
660 -5169036.668745
661 -5169030.618784
662 -5169024.599795
663 -5169018.595514
664 -5169012.551048
665 -5169006.550907
666 -5169000.548495
667 -5168994.529369
668 -5168988.536972
669 -5168982.445539
670 -5168976.383854
671 -5168970.386574
672 -5168964.387491
673 -5168958.388871
674 -5168952.380016
675 -5168946.355893
676 -5168940.312338
677 -5168934.307984
678 -5168928.271627
679 -5168922.264966
680 -5168916.213942
681 -5168910.248167
682 -5168904.284437
683 -5168898.309808
684 -5168892.339894
685 -5168886.361703
686 -5168880.407334
687 -5168874.442448
688 -5168868.488088
689 -5168862.531808
690 -5168856.570980
691 -5168850.587370
692 -5168844.609731
693 -5168838.667909
694 -5168832.722046
695 -5168826.781231
696 -5168820.793058
697 -5168814.850758
698 -5168808.875413
699 -5168589.693242
700 -5168583.714762
701 -5168577.755882
702 -5168571.796964
703 -5168565.833894
704 -5168559.862068
705 -5168553.850163
706 -5168547.908190
707 -5168541.970615
708 -5168536.049033
709 -5168530.070053
710 -5168524.135716
711 -5168518.215445
712 -5168512.294824
713 -5168506.360088
714 -5168500.452109
715 -5168494.546330
716 -5168488.600053
717 -5168482.698270
718 -5168476.786099
719 -5168470.892341
720 -5168464.977427
721 -5168459.070043
722 -5168453.177614
723 -5168447.264554
724 -5168441.366254
725 -5168435.457438
726 -5168429.538022
727 -5168254.183675
728 -5168248.301340
729 -5168242.407558
730 -5168236.523421
731 -5168230.602799
732 -5168224.688086
733 -5168218.809244
734 -5168027.607393
735 -5168021.713763
736 -5168015.817632
737 -5168009.952744
738 -5168004.078788
739 -5167998.211853
740 -5167987.855617
741 -5167981.956764
742 -5167976.050994
743 -5167970.140523
744 -5167964.274122
745 -5167958.398442
746 -5167952.546683
747 -5167946.693589
748 -5167940.824801
749 -5167934.917544
750 -5167754.500466
751 -5167748.662822
752 -5167742.735768
753 -5167736.861998
754 -5167731.016158
755 -5167725.181991
756 -5167719.310389
757 -5167713.434205
758 -5167707.601676
759 -5167701.766958
760 -5167695.919349
761 -5167690.043158
762 -5167684.214214
763 -5167678.352077
764 -5167672.511518
765 -5167666.624925
766 -5167660.815176
767 -5167654.987022
768 -5167649.165509
769 -5167643.350266
770 -5167654.737184
771 -5167648.922993
772 -5167643.105895
773 -5167637.295966
774 -5167631.465271
775 -5167625.623360
776 -5167619.791992
777 -5167613.991940
778 -5167608.191827
779 -5167602.368080
780 -5167596.544275
781 -5167590.665879
782 -5167447.402736
783 -5167441.597778
784 -5167435.760932
785 -5167429.902840
786 -5167424.091927
787 -5167418.309611
788 -5167412.481695
789 -5167406.677271
790 -5167400.901922
791 -5167395.109114
792 -5167389.334820
793 -5167383.561451
794 -5167377.800374
795 -5167372.006192
796 -5167366.160684
797 -5167360.394592
798 -5167354.603731
799 -5167348.722601
800 -5167342.937179
801 -5167337.185405
802 -5167331.433239
803 -5167325.686310
804 -5167319.913857
805 -5167314.170026
806 -5167308.436172
807 -5167302.704036
808 -5167296.948154
809 -5167172.895324
810 -5167167.161618
811 -5167161.425449
812 -5167155.696346
813 -5167149.968076
814 -5167144.214405
815 -5167138.494519
816 -5167132.742392
817 -5167127.017139
818 -5167121.294343
819 -5167115.574490
820 -5167109.826485
821 -5167104.028135
822 -5167098.289553
823 -5167092.544449
824 -5167086.817395
825 -5167081.058946
826 -5167075.322460
827 -5167069.585590
828 -5167063.874050
829 -5167058.101381
830 -5167052.388754
831 -5167046.623154
832 -5167040.882640
833 -5167035.160563
834 -5167029.453087
835 -5167023.738308
836 -5167018.051118
837 -5167012.333192
838 -5167006.605112
839 -5167000.916250
840 -5166995.222910
841 -5166985.244346
842 -5166979.519580
843 -5166973.803936
844 -5166968.136097
845 -5166962.427984
846 -5166956.732189
847 -5166951.057321
848 -5166945.365201
849 -5166939.689589
850 -5166934.016759
851 -5166928.314471
852 -5166922.667404
853 -5166916.983990
854 -5166911.326439
855 -5166905.637343
856 -5166899.995017
857 -5166894.347483
858 -5166888.686650
859 -5166883.013755
860 -5166877.335846
861 -5166871.639410
862 -5166865.994414
863 -5166860.352544
864 -5166854.714969
865 -5166844.707243
866 -5166839.049747
867 -5166833.391568
868 -5166827.760493
869 -5166822.128337
870 -5166816.467285
871 -5166810.809802
872 -5166805.146643
873 -5166799.520392
874 -5166793.887947
875 -5166788.265072
876 -5166782.644027
877 -5166772.671166
878 -5166767.044433
879 -5166761.399517
880 -5166755.752586
881 -5166750.135094
882 -5166744.516404
883 -5166738.908234
884 -5166733.286829
885 -5166727.690349
886 -5166722.047112
887 -5166716.394384
888 -5166710.759660
889 -5166705.129205
890 -5166699.512821
891 -5166693.925651
892 -5166688.333137
893 -5166682.714831
894 -5166677.103007
895 -5166667.277399
896 -5166661.653851
897 -5166656.060599
898 -5166650.480281
899 -5166644.828315
900 -5166639.248233
901 -5166633.676215
902 -5166577.210895
903 -5166571.617132
904 -5166566.009635
905 -5166560.448016
906 -5166554.887417
907 -5166549.324339
908 -5166543.756489
909 -5166538.200212
910 -5166395.609415
911 -5166256.273059
912 -5166250.717030
913 -5166245.128607
914 -5166239.567655
915 -5166234.011824
916 -5166228.464861
917 -5166222.883343
918 -5166217.334493
919 -5166207.601089
920 -5166092.801871
921 -5166087.261523
922 -5166081.717372
923 -5166076.165287
924 -5166070.631314
925 -5166065.098298
926 -5166059.559023
927 -5166079.999504
928 -5166074.464010
929 -5166068.943613
930 -5166063.400256
931 -5166057.833059
932 -5166052.273045
933 -5166046.719679
934 -5166041.190063
935 -5166035.645396
936 -5165916.214920
937 -5165910.693009
938 -5165905.152154
939 -5165899.638032
940 -5165894.078048
941 -5165888.572011
942 -5165883.061456
943 -5165877.516003
944 -5165871.974055
945 -5165866.468886
946 -5165860.964052
947 -5165855.463009
948 -5165849.961506
949 -5165844.452542
950 -5165838.896875
951 -5165833.387545
952 -5165827.859688
953 -5165822.366983
954 -5165816.815462
955 -5165811.283318
956 -5165805.769008
957 -5165800.260075
958 -5165794.772641
959 -5165789.194267
960 -5165783.657520
961 -5165778.157044
962 -5165772.688944
963 -5165767.210671
964 -5165761.696819
965 -5165756.200260
966 -5165750.748742
967 -5165745.287431
968 -5165626.836176
969 -5165621.330595
970 -5165615.875295
971 -5165610.384984
972 -5165604.932571
973 -5165571.230550
974 -5165565.766051
975 -5165560.302361
976 -5165554.861999
977 -5165549.369973
978 -5165543.895553
979 -5165538.416589
980 -5165532.935259
981 -5165527.490581
982 -5165522.020623
983 -5165420.027948
984 -5165414.575803
985 -5165409.142329
986 -5165403.714600
987 -5165398.265380
988 -5165392.844066
989 -5165387.405071
990 -5165381.973658
991 -5165376.543999
992 -5165371.110118
993 -5165365.676205
994 -5165360.255473
995 -5165354.838632
996 -5165349.423268
997 -5165344.007115
998 -5165338.590954
999 -5165333.182699
1000 -5165327.773191
