0 -1.0414784392839107e6
1 -1.0388873106212816e6
2 -1.037413960138299e6
3 -1.0374145626364858e6
4 -1.0374153312080931e6
5 -1.037416171547404e6
6 -1.0374169254253495e6
7 -1.0374176265440877e6
8 -1.037418209077413e6
9 -1.0374186831669366e6
10 -1.0374190725758023e6
11 -1.0374194483754777e6
12 -1.0374197311370935e6
13 -1.0374200299858197e6
14 -1.0374204305924403e6
15 -1.0374208720230274e6
16 -1.0374211037802252e6
17 -1.03742162828038e6
18 -1.037422121629758e6
19 -1.0369094862942598e6
20 -1.0369099620423322e6
21 -1.0369103516233914e6
22 -1.0369106146899725e6
23 -1.036910739496188e6
24 -1.0369111576281274e6
25 -1.036911905995921e6
26 -1.0369122208488521e6
27 -1.0369126633827102e6
28 -1.0369131007254636e6
29 -1.0369132331154813e6
30 -1.0369136271140516e6
31 -1.036914097433975e6
32 -1.0369145295510062e6
33 -1.0369146907312826e6
34 -1.0369151044604233e6
35 -1.0369157411378012e6
36 -1.0369162217232625e6
37 -1.036916583122879e6
38 -1.0369167092003009e6
39 -1.0369169578664643e6
40 -1.0369176161377078e6
41 -1.0369177603835126e6
42 -1.0369183054791929e6
43 -1.036918707245832e6
44 -1.0369189058541204e6
45 -1.0369194287278836e6
46 -1.0369199643817167e6
47 -1.03692032273726e6
48 -1.0369207600530521e6
49 -1.036920963331874e6
50 -1.0369210997880225e6
51 -1.0369215671523267e6
52 -1.0369216275549332e6
53 -1.0369220957705013e6
54 -1.0369224823441659e6
55 -1.0369230719075669e6
56 -1.0369234610102754e6
57 -1.0369236912907315e6
58 -1.0369245327633801e6
59 -1.0369248489228593e6
60 -1.0369252823629945e6
61 -1.0369256169186067e6
62 -1.0369258894781797e6
63 -1.0369262071995079e6
64 -1.0369264018362875e6
65 -1.0369268362217126e6
66 -1.0369271550484933e6
67 -1.0369275139108988e6
68 -1.0369278780923968e6
69 -1.0369282780341464e6
70 -1.0369292157192448e6
71 -1.0369294326949752e6
72 -1.036929770173209e6
73 -1.0369300787022625e6
74 -1.0369304083768434e6
75 -1.0369312931614816e6
76 -1.0369318160787576e6
77 -1.0369320746883518e6
78 -1.0369322493934034e6
79 -1.0369326653506982e6
80 -1.0369331285924376e6
81 -1.0369336693790223e6
82 -1.0369340668883435e6
83 -1.0369344858528695e6
84 -1.0369346406371868e6
85 -1.0369352105671996e6
86 -1.0369357170365015e6
87 -1.0369361251886813e6
88 -1.0369365655232214e6
89 -1.0369370762941651e6
90 -1.0369376685875573e6
91 -1.0369378971378739e6
92 -1.0366596412934229e6
93 -1.0366599366532705e6
94 -1.036660303930089e6
95 -1.0366608011254848e6
96 -1.0366608929440174e6
97 -1.0366612304738868e6
98 -1.0366616687799597e6
99 -1.0366619947856457e6
100 -1.036662332353813e6
101 -1.0366625644136625e6
102 -1.0366630222626515e6
103 -1.0366631736702081e6
104 -1.0366633966736275e6
105 -1.0366635288789261e6
106 -1.0366637364929155e6
107 -1.0366641491794724e6
108 -1.0366646958706712e6
109 -1.0366650083963696e6
110 -1.0366654078999322e6
111 -1.0366656866654697e6
112 -1.0366658789162426e6
113 -1.0366661788990545e6
114 -1.0366666158594142e6
115 -1.036666949893163e6
116 -1.0366671420363672e6
117 -1.0366675075474894e6
118 -1.0366678440901033e6
119 -1.0366682829992701e6
120 -1.0366686537909687e6
121 -1.0366690404414814e6
122 -1.0366691900202129e6
123 -1.0366697276625059e6
124 -1.0366701186764168e6
125 -1.036670551146394e6
126 -1.0366707944474478e6
127 -1.0366710449553229e6
128 -1.0366715882682226e6
129 -1.0366717916446489e6
130 -1.0366720862786722e6
131 -1.0366723833937931e6
132 -1.0366726871191952e6
133 -1.036672957196435e6
134 -1.0366732628738387e6
135 -1.0366737586874731e6
136 -1.0366740328131081e6
137 -1.0366742443463616e6
138 -1.0366747027818612e6
139 -1.0366752880300625e6
140 -1.0366754765078952e6
141 -1.0366760625064798e6
142 -1.036676403478901e6
143 -1.0366766701918714e6
144 -1.0366766955214145e6
145 -1.0366770432347727e6
146 -1.036677515434766e6
147 -1.0366778337487105e6
148 -1.0366780994707509e6
149 -1.0366786015520361e6
150 -1.036678856713935e6
151 -1.0366793201262942e6
152 -1.0366795934878312e6
153 -1.0366798421589686e6
154 -1.0366800778028884e6
155 -1.0366804666625151e6
156 -1.0364634618829329e6
157 -1.0364639854835432e6
158 -1.0364641589518997e6
159 -1.0364645208291591e6
160 -1.03646504610282e6
161 -1.0364652166162113e6
162 -1.0364655891608285e6
163 -1.0364661566470638e6
164 -1.0364665354346107e6
165 -1.0364666952703646e6
166 -1.036467123159141e6
167 -1.0364674546476852e6
168 -1.0364676304277971e6
169 -1.0364681037501423e6
170 -1.0364681113087006e6
171 -1.0364682319841974e6
172 -1.0364685621813347e6
173 -1.0364690017608874e6
174 -1.0364695613705826e6
175 -1.036469929753833e6
176 -1.0364701650314103e6
177 -1.0364703622960739e6
178 -1.0364706814498352e6
179 -1.0364715628758089e6
180 -1.0364720003155835e6
181 -1.0364722734576857e6
182 -1.036472480216662e6
183 -1.0364728345066481e6
184 -1.0364730379787034e6
185 -1.0364732614163072e6
186 -1.0364737512763625e6
187 -1.0364738227256134e6
188 -1.0364742023811239e6
189 -1.036474355646466e6
190 -1.0364746077377878e6
191 -1.0364748233103346e6
192 -1.0364752203168855e6
193 -1.0364755289567646e6
194 -1.0364762124298491e6
195 -1.0364765067334601e6
196 -1.036477092880395e6
197 -1.036477203963094e6
198 -1.0364774526742575e6
199 -1.0364777917802307e6
200 -1.0364780826937685e6
201 -1.0364783834660557e6
202 -1.0364785798457463e6
203 -1.0364790533884291e6
204 -1.0364792218322563e6
205 -1.036479415245513e6
206 -1.0364796705613758e6
207 -1.0364803078251032e6
208 -1.0364804930207183e6
209 -1.0364809746844969e6
210 -1.0364818071826883e6
211 -1.036481851650995e6
212 -1.0364821534618686e6
213 -1.0364825397793124e6
214 -1.0364826665355421e6
215 -1.0364829551136057e6
216 -1.0364832262603941e6
217 -1.0364833317958658e6
218 -1.0364840059683502e6
219 -1.0364845397701913e6
220 -1.0364846130132895e6
221 -1.0364849586240272e6
222 -1.0364854828206471e6
223 -1.0364857439301747e6
224 -1.0364861280883291e6
225 -1.0364866219274208e6
226 -1.0362923690784542e6
227 -1.0362929750012862e6
228 -1.0362933587448099e6
229 -1.036293768816099e6
230 -1.036294323701843e6
231 -1.0362945485468872e6
232 -1.0362949367651311e6
233 -1.0362951713778856e6
234 -1.036295524951986e6
235 -1.0362961307850915e6
236 -1.0362963424656573e6
237 -1.0362967990666896e6
238 -1.0362969034527359e6
239 -1.0362971049315614e6
240 -1.036297323876492e6
241 -1.0362975218547746e6
242 -1.036297680602731e6
243 -1.0362980835745769e6
244 -1.0362982660676176e6
245 -1.036298524022215e6
246 -1.0362988557764997e6
247 -1.036299340498918e6
248 -1.0362996654396656e6
249 -1.0363001949598375e6
250 -1.0363004473822964e6
251 -1.0363010486349248e6
252 -1.0363012653234489e6
253 -1.0363018991443042e6
254 -1.0363024702081247e6
255 -1.036302687893597e6
256 -1.0363031698036514e6
257 -1.0363033222152465e6
258 -1.0363036213238003e6
259 -1.0363037794988507e6
260 -1.0363040279764908e6
261 -1.0363041169500614e6
262 -1.036304621404778e6
263 -1.036304938159772e6
264 -1.0363052335259819e6
265 -1.0363054419606734e6
266 -1.03630571981199e6
267 -1.0363062533654775e6
268 -1.036306608097804e6
269 -1.0363069545239722e6
270 -1.036307083982395e6
271 -1.0363074607447311e6
272 -1.0363078488484338e6
273 -1.0363081579524057e6
274 -1.0363084065088712e6
275 -1.0363089368241588e6
276 -1.0363092765481363e6
277 -1.036309817642584e6
278 -1.0363102422651857e6
279 -1.0363103174800233e6
280 -1.0363106676585057e6
281 -1.0363113228212866e6
282 -1.0363116106919665e6
283 -1.0363119991283973e6
284 -1.036312149672951e6
285 -1.0363124146656187e6
286 -1.0363127128260657e6
287 -1.036313328050203e6
288 -1.0363138218197133e6
289 -1.0363142759834689e6
290 -1.0363145113599959e6
291 -1.0363148370449552e6
292 -1.0363149317468128e6
293 -1.03631503946858e6
294 -1.0363154674392755e6
295 -1.0363158667013083e6
296 -1.0363162842293016e6
297 -1.0363165541779674e6
298 -1.0363167643265431e6
299 -1.0363172649076958e6
300 -1.03631782318469e6
301 -1.036318023382595e6
302 -1.036318464420606e6
303 -1.0363190278042624e6
304 -1.03631918355064e6
305 -1.0363194739110452e6
306 -1.0363197986710374e6
307 -1.0363203149320069e6
308 -1.0363207168656709e6
309 -1.0363213152489113e6
310 -1.0363215140324216e6
311 -1.0363217447777941e6
312 -1.0363220639982617e6
313 -1.0363223105597626e6
314 -1.0363225009313438e6
315 -1.0363230040246788e6
316 -1.0363234096882843e6
317 -1.036323731467901e6
318 -1.0363242039418446e6
319 -1.0363246895489363e6
320 -1.0363248109626842e6
321 -1.0363250031248159e6
322 -1.0363251497671413e6
323 -1.036325444844044e6
324 -1.036325807345689e6
325 -1.0363261061641879e6
326 -1.0363266742868868e6
327 -1.0363270731981411e6
328 -1.0363276883608645e6
329 -1.0363279884176895e6
330 -1.036328185376285e6
331 -1.036328509114885e6
332 -1.0363287983203571e6
333 -1.0363292981474146e6
334 -1.0363297916593247e6
335 -1.0362269389546104e6
336 -1.0362274382803492e6
337 -1.0362276299292357e6
338 -1.0362278702337953e6
339 -1.0362282823220744e6
340 -1.0362286892920677e6
341 -1.0362291781416514e6
342 -1.0362293610943314e6
343 -1.0362296222274564e6
344 -1.0362299995572293e6
345 -1.0362302466231307e6
346 -1.0362308872450804e6
347 -1.0362311860395977e6
348 -1.0362314097664405e6
349 -1.0362317038156398e6
350 -1.0362318281722794e6
351 -1.0361349561713024e6
352 -1.0361352406775707e6
353 -1.0361354260065269e6
354 -1.0361356481924672e6
355 -1.036136362724985e6
356 -1.0361364844479843e6
357 -1.036136713204721e6
358 -1.0361369892027942e6
359 -1.0361371503843963e6
360 -1.0361375607111622e6
361 -1.0361378014509832e6
362 -1.0361382198560048e6
363 -1.0361385865454844e6
364 -1.0361388168022367e6
365 -1.0361390225072593e6
366 -1.0361393709703269e6
367 -1.0361396084640544e6
368 -1.0361398870747099e6
369 -1.0361401574110549e6
370 -1.0361404024239297e6
371 -1.0361406641103218e6
372 -1.0361408461666419e6
373 -1.0361412029101143e6
374 -1.0361413886953869e6
375 -1.0361417916442798e6
376 -1.0361420686382798e6
377 -1.0361423703056339e6
378 -1.0361424810347961e6
379 -1.0361427204625119e6
380 -1.0361432506791598e6
381 -1.0361438044772478e6
382 -1.0361440947844498e6
383 -1.0361443364815429e6
384 -1.0361447540715683e6
385 -1.0361450058066539e6
386 -1.0361452909164137e6
387 -1.0361456637143858e6
388 -1.0361460999399151e6
389 -1.0361465122741119e6
390 -1.0361472043825898e6
391 -1.0361473753270281e6
392 -1.0361477951990163e6
393 -1.0361479480259663e6
394 -1.0361482637860547e6
395 -1.0361485398741844e6
396 -1.0361487355218084e6
397 -1.0361488398727798e6
398 -1.0361494639074956e6
399 -1.0361498128987566e6
400 -1.0361500507221357e6
401 -1.0361504306328002e6
402 -1.0361507691486045e6
403 -1.0361509851064563e6
404 -1.036151368616052e6
405 -1.0361515855447398e6
406 -1.0361517900759291e6
407 -1.0361520459215137e6
408 -1.0361525003693915e6
409 -1.0361528206421073e6
410 -1.0361531113454452e6
411 -1.0361533309707885e6
412 -1.036154031602967e6
413 -1.036154305946386e6
414 -1.0361546181063587e6
415 -1.0361549386934092e6
416 -1.0361552258657748e6
417 -1.0361555255740783e6
418 -1.0361559078840505e6
419 -1.0361562633113719e6
420 -1.0361564773748079e6
421 -1.0361568594268085e6
422 -1.0361570546962162e6
423 -1.0361575262348218e6
424 -1.0361578082994595e6
425 -1.0361581302129494e6
426 -1.0361586348509112e6
427 -1.0361588205259368e6
428 -1.0361592265462722e6
429 -1.0361596643110157e6
430 -1.0361599899453393e6
431 -1.036160488668476e6
432 -1.0361610568560988e6
433 -1.03616134117711e6
434 -1.0361617290857218e6
435 -1.0361620434912696e6
436 -1.0361625471671126e6
437 -1.036162783931654e6
438 -1.0361629634243783e6
439 -1.0361631887672509e6
440 -1.036163353717944e6
441 -1.0361637473992726e6
442 -1.0361642132683555e6
443 -1.0361646504283565e6
444 -1.0361648793644587e6
445 -1.0361650234454421e6
446 -1.0361655616024623e6
447 -1.0361658345941693e6
448 -1.0361661918446206e6
449 -1.0361666639776713e6
450 -1.0361669727196071e6
451 -1.0361674568840861e6
452 -1.0361677220250058e6
453 -1.036167916635199e6
454 -1.0361679395517299e6
455 -1.0361682609169997e6
456 -1.0361685937490396e6
457 -1.0361689017554942e6
458 -1.0361636502260386e6
459 -1.0361640239931159e6
460 -1.0361642372274311e6
461 -1.036164537388169e6
462 -1.0361648515373226e6
463 -1.0361650894872744e6
464 -1.0361652883677925e6
465 -1.0361656319742132e6
466 -1.0361662049080002e6
467 -1.0361662343457973e6
468 -1.0361667322242331e6
469 -1.0361670067674627e6
470 -1.0361677012784444e6
471 -1.0361679078625677e6
472 -1.0361681182231004e6
473 -1.0361683360037715e6
474 -1.0361689116904843e6
475 -1.0361691559612413e6
476 -1.0361695932534359e6
477 -1.0361698027512974e6
478 -1.036093506269482e6
479 -1.0360937810326421e6
480 -1.0360940916026937e6
481 -1.0360945964257534e6
482 -1.0360119611017929e6
483 -1.0360121747797343e6
484 -1.0360126212259897e6
485 -1.0360130962329417e6
486 -1.0360133802510883e6
487 -1.0359450014511514e6
488 -1.0359456870437324e6
489 -1.035946179868652e6
490 -1.0359467910438147e6
491 -1.0359472996905862e6
492 -1.0359472995549082e6
493 -1.0359475814647198e6
494 -1.035947904275892e6
495 -1.035948216412549e6
496 -1.0359483764597406e6
497 -1.0359487165063e6
498 -1.0359491006123362e6
499 -1.0359495839100634e6
500 -1.0359498066247508e6
501 -1.0359501612349751e6
502 -1.0359503972743796e6
503 -1.0359507936716995e6
504 -1.0359511752926124e6
505 -1.0359514481988857e6
506 -1.035951866694117e6
507 -1.0359522413749753e6
508 -1.0359525805575851e6
509 -1.035952699637163e6
510 -1.035953017766939e6
511 -1.0359533906442075e6
512 -1.0359536869294606e6
513 -1.0359541331979724e6
514 -1.0359544775890887e6
515 -1.0359548621013674e6
516 -1.0359551574947776e6
517 -1.0359553678743856e6
518 -1.0359555067084164e6
519 -1.035955611505167e6
520 -1.0359556977888828e6
521 -1.0359558215726679e6
522 -1.0359560541864466e6
523 -1.0359564054999133e6
524 -1.0359565735424559e6
525 -1.0359568577631314e6
526 -1.0359571136189083e6
527 -1.0359574465965766e6
528 -1.0359577513431917e6
529 -1.0359582385455497e6
530 -1.0359584941291027e6
531 -1.0359587274135356e6
532 -1.0359590918098942e6
533 -1.0359594640377879e6
534 -1.0359598057072469e6
535 -1.0359602051407811e6
536 -1.0359604959244335e6
537 -1.0359608362762684e6
538 -1.0359612889894494e6
539 -1.0359617255471473e6
540 -1.0359620243138227e6
541 -1.0359627576227391e6
542 -1.0359630193105916e6
543 -1.0359631408141151e6
544 -1.0359637258836955e6
545 -1.0359639443607432e6
546 -1.0359641674898622e6
547 -1.03596462073049e6
548 -1.0359648374097076e6
549 -1.0359650335950268e6
550 -1.0359653325422001e6
551 -1.0359657229427376e6
552 -1.035966061934046e6
553 -1.0359664767759978e6
554 -1.0359668734576558e6
555 -1.0359672365454044e6
556 -1.0359676022249118e6
557 -1.0359677226490292e6
558 -1.03596813159511e6
559 -1.0359685143510815e6
560 -1.0359685688100553e6
561 -1.0359689086392951e6
562 -1.0359691431718098e6
563 -1.0359694271998885e6
564 -1.0359697402320176e6
565 -1.03596989523623e6
566 -1.0359702841632199e6
567 -1.0359705128401137e6
568 -1.0359711777700903e6
569 -1.035971517213607e6
570 -1.0359720705606538e6
571 -1.0359723276243885e6
572 -1.0359725191982917e6
573 -1.0359727962777198e6
574 -1.0359730451439805e6
575 -1.0359733546618003e6
576 -1.0359735899755617e6
577 -1.0359739978861635e6
578 -1.0359742422883195e6
579 -1.0359746196173623e6
580 -1.0359747645417231e6
581 -1.0359749137662575e6
582 -1.0359752151711212e6
583 -1.0359755102787752e6
584 -1.0359761845319145e6
585 -1.0359764296955859e6
586 -1.0359767297720993e6
587 -1.0359771081132153e6
588 -1.0359774974687524e6
589 -1.0359777500698819e6
590 -1.0359781185086113e6
591 -1.0359783739711212e6
592 -1.0359786917167434e6
593 -1.0359594655379711e6
594 -1.0359595929302797e6
595 -1.0359598084740554e6
596 -1.035960077524409e6
597 -1.0359603758755303e6
598 -1.0359605244162779e6
599 -1.0359608525519364e6
600 -1.0359610056860847e6
601 -1.0359613133101383e6
602 -1.0359617231524698e6
603 -1.0359620868931334e6
604 -1.0359623548277025e6
605 -1.0359626572421731e6
606 -1.0359627952851271e6
607 -1.0359632589898836e6
608 -1.0359636506535924e6
609 -1.0359641008486275e6
610 -1.0359644527495112e6
611 -1.035964804279319e6
612 -1.035965273079846e6
613 -1.0359655320664996e6
614 -1.0359659441068759e6
615 -1.0359661566011708e6
616 -1.0359665244400606e6
617 -1.0359667300561464e6
618 -1.0359670529646319e6
619 -1.0359673835993154e6
620 -1.0359678319384925e6
621 -1.0359681503583199e6
622 -1.0359684570576334e6
623 -1.035968854335259e6
624 -1.0359691974417352e6
625 -1.035969508120806e6
626 -1.0359696862421542e6
627 -1.0359699059129583e6
628 -1.0359702945675724e6
629 -1.0359706957353699e6
630 -1.0359335369093068e6
631 -1.0359338059844545e6
632 -1.035934099794225e6
633 -1.0359346330423073e6
634 -1.0359349168382955e6
635 -1.0359354354999419e6
636 -1.0359356768304372e6
637 -1.0359361163561596e6
638 -1.0359364943668317e6
639 -1.035936864474715e6
640 -1.0359373492122785e6
641 -1.0359375873862793e6
642 -1.0359378879940714e6
643 -1.0359381631431272e6
644 -1.0359384745917732e6
645 -1.0359386840388878e6
646 -1.0359388926996301e6
647 -1.0359392259426815e6
648 -1.0359393398319023e6
649 -1.0359397581311172e6
650 -1.0359400458685303e6
651 -1.035940492477393e6
652 -1.0359408779065512e6
653 -1.0359412756280516e6
654 -1.0359414841056913e6
655 -1.0359418158627732e6
656 -1.0359421896551532e6
657 -1.0359424010642839e6
658 -1.035942707118423e6
659 -1.0359430533260495e6
660 -1.0359433806887517e6
661 -1.0359436297877792e6
662 -1.0359439326116657e6
663 -1.0359443481089206e6
664 -1.0359446038791349e6
665 -1.0359449078102633e6
666 -1.0359451417778796e6
667 -1.0359454800823298e6
668 -1.035945600299967e6
669 -1.0359459000238501e6
670 -1.0359463942730405e6
671 -1.0359466024600061e6
672 -1.0359469084250605e6
673 -1.0359470947223202e6
674 -1.0359473461840109e6
675 -1.0359475937959863e6
676 -1.0359480314907775e6
677 -1.0359483941944841e6
678 -1.0359489182804695e6
679 -1.0359494165199695e6
680 -1.0359498055439049e6
681 -1.0359502511512074e6
682 -1.0359505008746285e6
683 -1.0359507801673501e6
684 -1.035951377556134e6
685 -1.0359519095315958e6
686 -1.0359522060949034e6
687 -1.0359526314614627e6
688 -1.0359528096163659e6
689 -1.0359531604379198e6
690 -1.0359533017165181e6
691 -1.035953547089206e6
692 -1.0359538515673522e6
693 -1.035954426327762e6
694 -1.0359547704178626e6
695 -1.0359548777739799e6
696 -1.0359553314919926e6
697 -1.0359557936715446e6
698 -1.0359160616565419e6
699 -1.0359164356923595e6
700 -1.0359165749152909e6
701 -1.0359169472255347e6
702 -1.035917233194974e6
703 -1.0359173276046056e6
704 -1.0359176323456485e6
705 -1.0359178481077999e6
706 -1.0359183174048397e6
707 -1.0359187015851282e6
708 -1.035919224010306e6
709 -1.0359195526517776e6
710 -1.0359197374932333e6
711 -1.0359200037495358e6
712 -1.0359205064011151e6
713 -1.035920613176355e6
714 -1.0359208197570308e6
715 -1.0359213565849685e6
716 -1.0359215215092271e6
717 -1.0359217132354163e6
718 -1.0359219278168618e6
719 -1.035922346868614e6
720 -1.0359227461063522e6
721 -1.0359229455526317e6
722 -1.0359232307054151e6
723 -1.0359236119357378e6
724 -1.0359240795906676e6
725 -1.0359241799941768e6
726 -1.035924547754481e6
727 -1.0359247969457438e6
728 -1.0359250824214944e6
729 -1.0359251988982568e6
730 -1.0359253822046439e6
731 -1.0359257615943677e6
732 -1.0359260082549693e6
733 -1.0359262648665141e6
734 -1.0359266118759926e6
735 -1.0359271112306118e6
736 -1.0359274768717859e6
737 -1.0359276883036501e6
738 -1.0359279849472588e6
739 -1.0359281327590432e6
740 -1.0359283785887408e6
741 -1.0359288524521706e6
742 -1.0359292736794639e6
743 -1.0359295771254504e6
744 -1.0359301614025683e6
745 -1.0359305123353347e6
746 -1.0359308476154207e6
747 -1.0359310892599882e6
748 -1.035888280700213e6
749 -1.0358398527149961e6
750 -1.0358401441650726e6
751 -1.0358404546370235e6
752 -1.0358407099686635e6
753 -1.0358413119174036e6
754 -1.035841639943819e6
755 -1.0357991903397567e6
756 -1.0357995358446259e6
757 -1.0357997346417776e6
758 -1.0358000851294487e6
759 -1.035800344803474e6
760 -1.0358007495966015e6
761 -1.0358009548211945e6
762 -1.0358013685237502e6
763 -1.0358017006745985e6
764 -1.0358020298401096e6
765 -1.0358023184365282e6
766 -1.0358027709108316e6
767 -1.0358030026622808e6
768 -1.0358031974307453e6
769 -1.0358036412283487e6
770 -1.0358039140285741e6
771 -1.0358042410457146e6
772 -1.0358027554167212e6
773 -1.0358032346047433e6
774 -1.0358034607683083e6
775 -1.0358037660723487e6
776 -1.0357741000849269e6
777 -1.0357745404416086e6
778 -1.035774835155955e6
779 -1.0357750889621737e6
780 -1.0357754316554058e6
781 -1.0357757750480871e6
782 -1.0357759547792794e6
783 -1.035776467199441e6
784 -1.0357766525539639e6
785 -1.0357769675480191e6
786 -1.0357773339648205e6
787 -1.0357776164725651e6
788 -1.0357777935032827e6
789 -1.035778134798999e6
790 -1.0357785252017877e6
791 -1.0357788842554954e6
792 -1.0357792033481981e6
793 -1.0357794840929452e6
794 -1.0357798594993384e6
795 -1.0357801805645335e6
796 -1.0357807366516946e6
797 -1.0357810542808413e6
798 -1.0357812679194724e6
799 -1.0357815411543103e6
800 -1.0357818550865005e6
801 -1.0357822908953166e6
802 -1.0357826311257118e6
803 -1.0357829542194367e6
804 -1.0357834480238499e6
805 -1.0357839163081824e6
806 -1.0357841185290131e6
807 -1.035784334553238e6
808 -1.0357847344109471e6
809 -1.0357851869121265e6
810 -1.0357805457904887e6
811 -1.0357807623426104e6
812 -1.035781135416493e6
813 -1.0357816570007437e6
814 -1.0357818814259948e6
815 -1.035782179954879e6
816 -1.035782298791915e6
817 -1.0357825076880567e6
818 -1.0357827831115162e6
819 -1.0357832712298373e6
820 -1.035783789154793e6
821 -1.0357841492107718e6
822 -1.0357844792831289e6
823 -1.035784663214267e6
824 -1.0357848092758039e6
825 -1.0357852605540634e6
826 -1.035785733583136e6
827 -1.0357859253532568e6
828 -1.0357859581215954e6
829 -1.0357861516473396e6
830 -1.0357544510662871e6
831 -1.0357548364949137e6
832 -1.0357550029594176e6
833 -1.0357553109640847e6
834 -1.0357557111787179e6
835 -1.0357560441241991e6
836 -1.0357564964885986e6
837 -1.0357551313282428e6
838 -1.0357555562012458e6
839 -1.0357559314696419e6
840 -1.0357561822660067e6
841 -1.0357563240982132e6
842 -1.0357567212135794e6
843 -1.03575700292863e6
844 -1.0357571537900434e6
845 -1.0357577907981724e6
846 -1.0357583182762288e6
847 -1.0357585965706899e6
848 -1.0357589493263417e6
849 -1.0357592736172087e6
850 -1.0357598064278045e6
851 -1.0357600425056987e6
852 -1.0357603343544176e6
853 -1.0357605076782366e6
854 -1.0357608553664822e6
855 -1.0357610921020275e6
856 -1.0357613503373762e6
857 -1.0357615943796639e6
858 -1.0357618459470252e6
859 -1.0357620480398994e6
860 -1.0357624744703637e6
861 -1.0357630323058274e6
862 -1.0357633551639619e6
863 -1.0357637380868853e6
864 -1.0357639023053505e6
865 -1.0357641922506448e6
866 -1.0357646646813279e6
867 -1.0357648752615192e6
868 -1.0357652408595011e6
869 -1.0357655098841352e6
870 -1.035765820137432e6
871 -1.0357661743568447e6
872 -1.0357664127434965e6
873 -1.0357666237793304e6
874 -1.0357670061225716e6
875 -1.0357673504264666e6
876 -1.0357677607091003e6
877 -1.0357680695406935e6
878 -1.0357682633395006e6
879 -1.0357685219072294e6
880 -1.035769213264839e6
881 -1.0357694977908314e6
882 -1.0357698127502922e6
883 -1.0357700461638434e6
884 -1.035770236211609e6
885 -1.0357707097452187e6
886 -1.0357708447689691e6
887 -1.0357712082973737e6
888 -1.0357714509014455e6
889 -1.0357716260062226e6
890 -1.0357718226838768e6
891 -1.0357721142191523e6
892 -1.0357723350435246e6
893 -1.0357725632167007e6
894 -1.035772945956179e6
895 -1.0357732668099878e6
896 -1.0357738036553694e6
897 -1.0357742466138869e6
898 -1.0357748918579465e6
899 -1.0357753634996376e6
900 -1.0357756715972361e6
901 -1.0357759032890808e6
902 -1.0357762364785132e6
903 -1.0357766076732893e6
904 -1.0357768821453461e6
905 -1.035777524944267e6
906 -1.0357777912567473e6
907 -1.0357779314202851e6
908 -1.0357781926417678e6
909 -1.0357784834295362e6
910 -1.0357503432397614e6
911 -1.0357506002417018e6
912 -1.0357510670610479e6
913 -1.0357514298566054e6
914 -1.0357517962429975e6
915 -1.0357522465141423e6
916 -1.0357525797661762e6
917 -1.0357527829954793e6
918 -1.0357564783876912e6
919 -1.0357567629251829e6
920 -1.0357570392563407e6
921 -1.0357573608305074e6
922 -1.0357245969595106e6
923 -1.0357249936033969e6
924 -1.0357252606995367e6
925 -1.0357254685093793e6
926 -1.0357257789128353e6
927 -1.035726100102403e6
928 -1.0357264894726824e6
929 -1.0357267787132519e6
930 -1.035726947826985e6
931 -1.03572740069237e6
932 -1.0357278131202067e6
933 -1.0357281539006713e6
934 -1.0357283881840026e6
935 -1.0357286100273055e6
936 -1.0357290324345735e6
937 -1.0357293313272892e6
938 -1.0357295886955812e6
939 -1.0357299336190309e6
940 -1.0357031455695308e6
941 -1.0356720779903845e6
942 -1.0356724365157497e6
943 -1.0356726985724757e6
944 -1.0356730961218851e6
945 -1.0356734919157934e6
946 -1.0356740273816725e6
947 -1.0356743790825214e6
948 -1.0356746431807436e6
949 -1.03567485065708e6
950 -1.0356750517473047e6
951 -1.0356753373989953e6
952 -1.0356754900410529e6
953 -1.0356757891077469e6
954 -1.0356760949072631e6
955 -1.0356764607973546e6
956 -1.0356768543052921e6
957 -1.0356770959015797e6
958 -1.0356774600055143e6
959 -1.0356775908995332e6
960 -1.0356778886738997e6
961 -1.0356783040737745e6
962 -1.035678772071352e6
963 -1.035679083199525e6
964 -1.0356794550508346e6
965 -1.0356796460848404e6
966 -1.0356798277120925e6
967 -1.035680146439872e6
968 -1.0356552923043182e6
969 -1.0356556950788673e6
970 -1.0356560211531982e6
971 -1.0356561544037277e6
972 -1.0356565004578452e6
973 -1.0356321773052601e6
974 -1.0356324379801841e6
975 -1.0356329677920043e6
976 -1.0356332050463569e6
977 -1.0356334198826312e6
978 -1.0356336660251918e6
979 -1.0356338771703584e6
980 -1.035634189146644e6
981 -1.0356345794618098e6
982 -1.0356349326885961e6
983 -1.0356352714204446e6
984 -1.0356354438197026e6
985 -1.0356355928000737e6
986 -1.0356358633362063e6
987 -1.0356360384444839e6
988 -1.0356365399503557e6
989 -1.0356368783501592e6
990 -1.035637250420377e6
991 -1.0356375967913956e6
992 -1.035637794721027e6
993 -1.0356379309351938e6
994 -1.0356382184543356e6
995 -1.0356385171311861e6
996 -1.0356390658235038e6
997 -1.0356392440630564e6
998 -1.0356394861254608e6
999 -1.0356397134243238e6
1000 -1.0356399608197631e6
1001 -1.0356401503563214e6
1002 -1.0356404589601508e6
1003 -1.0356407752528038e6
1004 -1.0356409949711139e6
1005 -1.0356415077381127e6
1006 -1.0356418282769159e6
1007 -1.0356422405367184e6
1008 -1.0356424666069313e6
1009 -1.0356427219399883e6
1010 -1.0356430798097672e6
1011 -1.0356432390359159e6
1012 -1.0356437125324565e6
1013 -1.035644062182751e6
1014 -1.0356442167385786e6
1015 -1.0356444753803028e6
1016 -1.0356448406100635e6
1017 -1.0356451046546246e6
1018 -1.0356453649183103e6
1019 -1.0356455841088519e6
1020 -1.0356459252169994e6
1021 -1.0356461517661291e6
1022 -1.0356463920262433e6
1023 -1.0356467105333591e6
1024 -1.0356470188814619e6
1025 -1.0356471889812658e6
1026 -1.0356473643949598e6
1027 -1.0356476149074852e6
1028 -1.0356478161857404e6
1029 -1.0356484047261155e6
1030 -1.0356485807007743e6
1031 -1.0356488530130343e6
1032 -1.0356491597205627e6
1033 -1.0356493701552845e6
1034 -1.0356497412620565e6
1035 -1.0356501585515855e6
1036 -1.035650429409367e6
1037 -1.0356506174942134e6
1038 -1.0356510729173655e6
1039 -1.035651372525552e6
1040 -1.0356516444045221e6
1041 -1.0356519921709528e6
1042 -1.0356522709970443e6
1043 -1.0356529928723152e6
1044 -1.0356531570155848e6
1045 -1.0356532645295089e6
1046 -1.0356535695970436e6
1047 -1.0356539066497254e6
1048 -1.0356541912503489e6
1049 -1.0356545631719835e6
1050 -1.0356551095525818e6
1051 -1.0356556655690597e6
1052 -1.0356560678724897e6
1053 -1.0356561752596151e6
1054 -1.0356564654822279e6
1055 -1.0356571308429391e6
1056 -1.035657620976364e6
1057 -1.0356578221508318e6
1058 -1.0356580781446798e6
1059 -1.0356348256402563e6
1060 -1.0356350482714993e6
1061 -1.0356353506958127e6
1062 -1.0356356571993529e6
1063 -1.0356361131394202e6
1064 -1.0356365238050721e6
1065 -1.0356369737364487e6
1066 -1.0356373371068505e6
1067 -1.0356376772846527e6
1068 -1.0356384720603067e6
1069 -1.0356388450930922e6
1070 -1.0356392253885448e6
1071 -1.0356395150236655e6
1072 -1.0356398071481327e6
1073 -1.0356248883000872e6
1074 -1.0356254156765959e6
1075 -1.0356257091222275e6
1076 -1.0356259330240156e6
1077 -1.0356262229596085e6
1078 -1.0356266675536997e6
1079 -1.035626948114186e6
1080 -1.0356270884526254e6
1081 -1.0356273675700685e6
1082 -1.0356276577354545e6
1083 -1.0356278557192045e6
1084 -1.0356282562632856e6
1085 -1.0356285229963997e6
1086 -1.0355986629065507e6
1087 -1.0355968186678224e6
1088 -1.0355972086452257e6
1089 -1.0355974687537436e6
1090 -1.0355976826548064e6
1091 -1.035598014739217e6
1092 -1.0355985163662303e6
1093 -1.0355987960106945e6
1094 -1.035599321180193e6
1095 -1.035599504728866e6
1096 -1.035599748638976e6
1097 -1.0355999971119713e6
1098 -1.0356000999861575e6
1099 -1.0356002059509783e6
1100 -1.0356005365931098e6
1101 -1.0356008180482917e6
1102 -1.0356010792918511e6
1103 -1.0355850206687264e6
1104 -1.035585343756729e6
1105 -1.0355855376754566e6
1106 -1.0355858452466191e6
1107 -1.0355861196750831e6
1108 -1.0355867027534791e6
1109 -1.0355869754690868e6
1110 -1.0355873597289503e6
1111 -1.0355875930705175e6
1112 -1.0355878513056431e6
1113 -1.0355881099338168e6
1114 -1.0355725752457762e6
1115 -1.0355727474301184e6
1116 -1.0355730383337867e6
1117 -1.0355732482337584e6
1118 -1.0355735469796527e6
1119 -1.0355739982732261e6
1120 -1.035574205993672e6
1121 -1.0355743037385884e6
1122 -1.0355747032229538e6
1123 -1.0355751597344785e6
1124 -1.0355755840582609e6
1125 -1.0355758498961483e6
1126 -1.0355761570232663e6
1127 -1.0355763717173578e6
1128 -1.0355766513007293e6
1129 -1.0355770068910432e6
1130 -1.0355772455086352e6
1131 -1.0355775813874942e6
1132 -1.0355778039342866e6
1133 -1.0355780497217663e6
1134 -1.0355784896353426e6
1135 -1.0355786467955863e6
1136 -1.0355789680565906e6
1137 -1.0355792013796791e6
1138 -1.0355796280494765e6
1139 -1.0355800332180398e6
1140 -1.0355802849331553e6
1141 -1.0355805781047579e6
1142 -1.0355813573000266e6
1143 -1.0355816967893185e6
1144 -1.0355819385712208e6
1145 -1.0355822823734673e6
1146 -1.0355826588528814e6
1147 -1.0355830740842507e6
1148 -1.0355834450767605e6
1149 -1.0355836459690898e6
1150 -1.0355838498938974e6
1151 -1.0355840514365842e6
1152 -1.0355842167287219e6
1153 -1.0355844640161725e6
1154 -1.0355846680986695e6
1155 -1.0355848002316807e6
1156 -1.0355852210956789e6
1157 -1.0355854541474546e6
1158 -1.0355990411589461e6
1159 -1.035599452236269e6
1160 -1.035599794550459e6
1161 -1.0356002541695262e6
1162 -1.0356006489319284e6
1163 -1.0356010120631893e6
1164 -1.0355997061224832e6
1165 -1.035599868800069e6
1166 -1.0356000779871786e6
1167 -1.0356006115397891e6
1168 -1.0356009396663194e6
1169 -1.0356012049885299e6
1170 -1.0356014976532086e6
1171 -1.0356017675113059e6
1172 -1.0356019977821978e6
1173 -1.0356022734610146e6
1174 -1.0356029152441381e6
1175 -1.0356033723583504e6
1176 -1.035603654392513e6
1177 -1.0356040382563691e6
1178 -1.0355912258978651e6
1179 -1.0355916461879497e6
1180 -1.0355918414770856e6
1181 -1.035592032454151e6
1182 -1.0355923116132314e6
1183 -1.0355926618698838e6
1184 -1.0355928000137573e6
1185 -1.0355931701371558e6
1186 -1.0355935734005909e6
1187 -1.035593852016232e6
1188 -1.0355941426508271e6
1189 -1.035594400489092e6
1190 -1.0355852174292726e6
1191 -1.0355855594532702e6
1192 -1.0355859072126572e6
1193 -1.035575796936179e6
1194 -1.0355760839472574e6
1195 -1.0355607385039651e6
1196 -1.0355611694303057e6
1197 -1.0355613982782802e6
1198 -1.0355617093777489e6
1199 -1.0355618298004726e6
1200 -1.0355620378457019e6
1201 -1.0355623326329167e6
1202 -1.0355628372175193e6
1203 -1.0355630976488027e6
1204 -1.0355635398473165e6
1205 -1.0355640055287795e6
1206 -1.0355641664628033e6
1207 -1.0355645603120904e6
1208 -1.0355646891396175e6
1209 -1.0355648752687917e6
1210 -1.0355650785710465e6
1211 -1.0355651846588845e6
1212 -1.0355654494476609e6
1213 -1.0355658041245444e6
1214 -1.0355662364227896e6
1215 -1.0355665299244098e6
1216 -1.0355669029896864e6
1217 -1.0355672733943715e6
1218 -1.0355677127901807e6
1219 -1.0355680199327479e6
1220 -1.0355682152346417e6
1221 -1.0355686239870284e6
1222 -1.0355691541634719e6
1223 -1.0355693251067658e6
1224 -1.0355695417867403e6
1225 -1.0355698375949594e6
1226 -1.0355702888056473e6
1227 -1.0355710762696065e6
1228 -1.0355716226349233e6
1229 -1.0355722338833426e6
1230 -1.0355724322365066e6
1231 -1.0355729377177478e6
1232 -1.0355734824596153e6
1233 -1.035573712317484e6
1234 -1.03557416154879e6
1235 -1.0355744632872253e6
1236 -1.0355751289072012e6
1237 -1.0355754188131001e6
1238 -1.0355757679616153e6
1239 -1.035557505630841e6
1240 -1.0355579574391795e6
1241 -1.0355583718788447e6
1242 -1.0355587995960051e6
1243 -1.0355590261137409e6
1244 -1.0355595590880957e6
1245 -1.0355598085282347e6
1246 -1.0355602323426105e6
1247 -1.0355607080508e6
1248 -1.0355609702544257e6
1249 -1.0355611171097002e6
1250 -1.0355614209054334e6
1251 -1.0355617043935321e6
1252 -1.0355619502720672e6
1253 -1.0355622310593025e6
1254 -1.0355624996212439e6
1255 -1.035562773447685e6
1256 -1.0355629064896302e6
1257 -1.0355633512125245e6
1258 -1.0355636760681514e6
1259 -1.0355639939661523e6
1260 -1.035564298296615e6
1261 -1.0355646141284003e6
1262 -1.0355649281578509e6
1263 -1.0355652423489226e6
1264 -1.0355656724570172e6
1265 -1.0355659356666792e6
1266 -1.0355664108480846e6
1267 -1.0355667100697064e6
1268 -1.0355669765483342e6
1269 -1.0355674159779899e6
1270 -1.035556781973283e6
1271 -1.035557066017011e6
1272 -1.0355574349305478e6
1273 -1.0355579472652191e6
1274 -1.0355585666473178e6
1275 -1.0355588926814223e6
1276 -1.035559355566103e6
1277 -1.0355595770742646e6
1278 -1.0355597786808144e6
1279 -1.0355478792574662e6
1280 -1.0355481828204059e6
1281 -1.0355485902461745e6
1282 -1.0355488142327726e6
1283 -1.0355492191640541e6
1284 -1.0355496146603695e6
1285 -1.0355499597422777e6
1286 -1.0355504589323513e6
1287 -1.0355508286432046e6
1288 -1.0355511587040809e6
1289 -1.0355515985009959e6
1290 -1.0355518535033738e6
1291 -1.0355519386669328e6
1292 -1.0355470229122997e6
1293 -1.0355472608844729e6
1294 -1.0355477117405899e6
1295 -1.0355483572399778e6
1296 -1.0355488226482255e6
1297 -1.0355491798976109e6
1298 -1.0355493129750146e6
1299 -1.035549534069611e6
1300 -1.0355498265181059e6
1301 -1.0355503292050238e6
1302 -1.0355505861295342e6
1303 -1.0355507586441156e6
1304 -1.0355512538736066e6
1305 -1.0355516365863853e6
1306 -1.0355518838418021e6
1307 -1.0355520971099435e6
1308 -1.0355524415218902e6
1309 -1.0355528364703922e6
1310 -1.035553276079474e6
1311 -1.0355535834627044e6
1312 -1.03555403108395e6
1313 -1.0355543765041017e6
1314 -1.0355547410237736e6
1315 -1.0355551092055582e6
1316 -1.0355553153483137e6
1317 -1.0355556859460159e6
1318 -1.0355560568925336e6
1319 -1.0355563908052014e6
1320 -1.0355567933705233e6
1321 -1.0355572100691758e6
1322 -1.0355575236642562e6
1323 -1.0355577914303348e6
1324 -1.0355574362584378e6
1325 -1.0355576897315922e6
1326 -1.0355579093053828e6
1327 -1.0355582188690903e6
1328 -1.0355589089626111e6
1329 -1.0355590611703015e6
1330 -1.0355592520791814e6
1331 -1.035559568359613e6
1332 -1.0355598929492817e6
1333 -1.0355602341009367e6
1334 -1.0355605728979189e6
1335 -1.0355609118452559e6
1336 -1.0355614022645111e6
1337 -1.0355617693627406e6
1338 -1.0355621367076598e6
1339 -1.0355625435522959e6
1340 -1.0355630718250731e6
1341 -1.0355636762338132e6
1342 -1.0355638806169942e6
1343 -1.0355641812677037e6
1344 -1.0355646090754883e6
1345 -1.0355650263646574e6
1346 -1.0355654096425634e6
1347 -1.0355657263790756e6
1348 -1.035565263149918e6
1349 -1.0355656727740865e6
1350 -1.0355660759310077e6
1351 -1.0355663619677317e6
1352 -1.035566733733558e6
1353 -1.035567026850943e6
1354 -1.035567336133472e6
1355 -1.0355675922182868e6
1356 -1.03556781481675e6
1357 -1.0355683020936706e6
1358 -1.0355685851521381e6
1359 -1.035569007597755e6
1360 -1.0355693646191638e6
1361 -1.0355696685306316e6
1362 -1.0355698613233578e6
1363 -1.0355479290859071e6
1364 -1.0355482433044435e6
1365 -1.0355485611986248e6
1366 -1.0355489474030468e6
1367 -1.0355492768150996e6
1368 -1.0355496357506322e6
1369 -1.0355499714648876e6
1370 -1.0355502443267053e6
1371 -1.0355504841301397e6
1372 -1.0355510933622414e6
1373 -1.0355515515734758e6
1374 -1.0355392103911982e6
1375 -1.0355395028154687e6
1376 -1.0355397817435132e6
1377 -1.0355401034210426e6
1378 -1.0355405502948593e6
1379 -1.0355408525051672e6
1380 -1.0355412577055511e6
1381 -1.0355415405063912e6
1382 -1.0355418237429704e6
1383 -1.0355421832634149e6
1384 -1.0355427021460853e6
1385 -1.0355430306014195e6
1386 -1.0355434444347685e6
1387 -1.0355439454011892e6
1388 -1.0355442703323667e6
1389 -1.0355446053599166e6
1390 -1.0355450233720155e6
1391 -1.0355455742815225e6
1392 -1.0355457195316318e6
1393 -1.0355460031746859e6
1394 -1.035546341451148e6
1395 -1.0355466276822459e6
1396 -1.0355469199500887e6
1397 -1.0355471805618613e6
1398 -1.0355418278639304e6
1399 -1.0355419641397353e6
1400 -1.0355423486762783e6
1401 -1.0355426334429424e6
1402 -1.0355429632726954e6
1403 -1.0355433254500983e6
1404 -1.0355439968023952e6
1405 -1.0355443233315558e6
1406 -1.0355447805987265e6
1407 -1.0355449848189809e6
1408 -1.0355452847441426e6
1409 -1.0355454896825032e6
1410 -1.0355456599085368e6
1411 -1.035546019934243e6
1412 -1.0355462311876568e6
1413 -1.0355464725238343e6
1414 -1.0355469063496138e6
1415 -1.0355472474845856e6
1416 -1.0355476864215961e6
1417 -1.0355480498555299e6
1418 -1.0355483050828155e6
1419 -1.0355485996506376e6
1420 -1.0355430816624905e6
1421 -1.035543437722788e6
1422 -1.0355436672040024e6
1423 -1.0355438381137718e6
1424 -1.0355440193789906e6
1425 -1.0355332104639207e6
1426 -1.0355335005572208e6
1427 -1.0355338380918016e6
1428 -1.0355342546434605e6
1429 -1.0355346634270088e6
1430 -1.0355349095169818e6
1431 -1.0355352024698558e6
1432 -1.0355354492464897e6
1433 -1.0355357428878072e6
1434 -1.0355361067108884e6
1435 -1.0355363088725548e6
1436 -1.035536599097152e6
1437 -1.0355369409599298e6
1438 -1.0355372053148341e6
1439 -1.0355374811271447e6
1440 -1.0355375552582403e6
1441 -1.0355380770362804e6
1442 -1.035538382400758e6
1443 -1.0355385635255402e6
1444 -1.0355390759241802e6
1445 -1.0355395990530488e6
1446 -1.0355400645122034e6
1447 -1.0355403815734214e6
1448 -1.0355406925242314e6
1449 -1.0355455719698097e6
1450 -1.0355458334779565e6
1451 -1.0355460223034606e6
1452 -1.0355462519186441e6
1453 -1.0355467263145323e6
1454 -1.0355471016441251e6
1455 -1.0355474128480698e6
1456 -1.0355477949337639e6
1457 -1.0355480377893734e6
1458 -1.0355483757756124e6
1459 -1.0355485876888012e6
1460 -1.0355489203783781e6
1461 -1.0355491907337193e6
1462 -1.0355494566797935e6
1463 -1.0355498214869964e6
1464 -1.0355502913914623e6
1465 -1.0355506406180612e6
1466 -1.0355511441546262e6
1467 -1.0355515838001047e6
1468 -1.0355518978416952e6
1469 -1.0355480660800834e6
1470 -1.0355484125483521e6
1471 -1.0355487660467192e6
1472 -1.0355488674382047e6
1473 -1.0355491980890395e6
1474 -1.0355494496996349e6
1475 -1.0355497199973735e6
1476 -1.0355501063302553e6
1477 -1.0355502899713574e6
1478 -1.0355506202953614e6
1479 -1.035550899039989e6
1480 -1.0355511341481784e6
1481 -1.0355514278081846e6
1482 -1.0355518668302143e6
1483 -1.035552236945511e6
1484 -1.0355526251491354e6
1485 -1.0355529926293951e6
1486 -1.0355423058781658e6
1487 -1.0355424752659957e6
1488 -1.0355427792615464e6
1489 -1.0355432010647052e6
1490 -1.0355435050576219e6
1491 -1.0355438093579948e6
1492 -1.0355440702848188e6
1493 -1.0355444749472316e6
1494 -1.0355449014379573e6
1495 -1.03554508432825e6
1496 -1.0355453216466346e6
1497 -1.0355459508761603e6
1498 -1.0355464431962037e6
1499 -1.0355468869827364e6
1500 -1.0355471568974443e6
1501 -1.0355475648013107e6
1502 -1.0355478549895557e6
1503 -1.0355359112602815e6
1504 -1.0355362867630422e6
1505 -1.035536575291648e6
1506 -1.0355368345186536e6
1507 -1.0355372748795456e6
1508 -1.0355375136162348e6
1509 -1.0355377946234461e6
1510 -1.0355380882323112e6
1511 -1.035538410162983e6
1512 -1.0355385848939641e6
1513 -1.0355389845574191e6
1514 -1.0355392980204667e6
1515 -1.0355302638789405e6
1516 -1.0355306757997696e6
1517 -1.0355308554146242e6
1518 -1.0355310346496126e6
1519 -1.0355313852660304e6
1520 -1.0355315500557618e6
1521 -1.0355322385935748e6
1522 -1.0355327509616474e6
1523 -1.0355331117006692e6
1524 -1.0355333984505609e6
1525 -1.0355336103231832e6
1526 -1.0355338456314988e6
1527 -1.0355341320478846e6
1528 -1.0355344295816645e6
1529 -1.0355349280544674e6
1530 -1.0355351288681175e6
1531 -1.0355352834873246e6
1532 -1.0355356817696068e6
1533 -1.0355358288788341e6
1534 -1.0355363954925677e6
1535 -1.0355367603971119e6
1536 -1.035537175618224e6
1537 -1.0355374535909547e6
1538 -1.0355379768342883e6
1539 -1.0355383812342861e6
1540 -1.0355387107421845e6
1541 -1.0355390771371431e6
1542 -1.0355393921694595e6
1543 -1.035539753720385e6
1544 -1.0355401936017489e6
1545 -1.0355404369842658e6
1546 -1.0355409445958138e6
1547 -1.035541224536557e6
1548 -1.0355413715882362e6
1549 -1.0355418273088784e6
1550 -1.0355420392764097e6
1551 -1.0355424554360308e6
1552 -1.0355429029316043e6
1553 -1.035543168465925e6
1554 -1.0355433005976214e6
1555 -1.0355435310524651e6
1556 -1.0355442241581625e6
1557 -1.0355447537232988e6
1558 -1.0355449943315916e6
1559 -1.0355453686396047e6
1560 -1.0355459714119391e6
1561 -1.035546476422947e6
1562 -1.0355467893932029e6
1563 -1.035547082192142e6
1564 -1.0355474430586945e6
1565 -1.0355221936914388e6
1566 -1.0355228350109914e6
1567 -1.0355230846424256e6
1568 -1.0355233581711887e6
1569 -1.0355236383092522e6
1570 -1.0355238403930106e6
1571 -1.0355243116949492e6
1572 -1.0355246943288237e6
1573 -1.0355247924924723e6
1574 -1.0355251103099647e6
1575 -1.0355254399933595e6
1576 -1.0355257413009087e6
1577 -1.0355261005821286e6
1578 -1.035526387441389e6
1579 -1.0355265624632817e6
1580 -1.0355268980141177e6
1581 -1.0355271752479678e6
1582 -1.0355275322113901e6
1583 -1.0355278116630364e6
1584 -1.0355280469801559e6
1585 -1.0355282464012618e6
1586 -1.0355285408003915e6
1587 -1.0355288461373122e6
1588 -1.0355291581551909e6
1589 -1.0355294357471045e6
1590 -1.0355296019894879e6
1591 -1.0355298021755747e6
1592 -1.0355301251976455e6
1593 -1.0355303127830335e6
1594 -1.035530559612867e6
1595 -1.0355216190160534e6
1596 -1.035521922372458e6
1597 -1.035522056263691e6
1598 -1.0355224283628082e6
1599 -1.0355228589360126e6
1600 -1.0355231760701165e6
1601 -1.0355053508466214e6
1602 -1.035505681392272e6
1603 -1.0355059255205417e6
1604 -1.0355061194526246e6
1605 -1.0355064136601144e6
1606 -1.0355066165752364e6
1607 -1.0355068251106581e6
1608 -1.0355071276176826e6
1609 -1.0355074531181062e6
1610 -1.035507772982023e6
1611 -1.035508045251663e6
1612 -1.0355082335539968e6
1613 -1.0355083558479708e6
1614 -1.0355086645625184e6
1615 -1.0355091059135303e6
1616 -1.0355094079660268e6
1617 -1.0355096922347597e6
1618 -1.0355101442240521e6
1619 -1.0355103667527577e6
1620 -1.0355105368099734e6
1621 -1.0355110115081746e6
1622 -1.0355113366957702e6
1623 -1.0355115275011823e6
1624 -1.0355119774744622e6
1625 -1.0355121734985788e6
1626 -1.0355124969737909e6
1627 -1.0355128677945145e6
1628 -1.0355132516602734e6
1629 -1.0355137229989881e6
1630 -1.0355140288148541e6
1631 -1.035514253496343e6
1632 -1.0355148368471821e6
1633 -1.0355156641559268e6
1634 -1.0355162642754782e6
1635 -1.035516709921032e6
1636 -1.035517035944359e6
1637 -1.0355172042630718e6
1638 -1.0355174866927175e6
1639 -1.0355177806610798e6
1640 -1.035518193620014e6
1641 -1.0355184294183454e6
1642 -1.0355188130208359e6
1643 -1.0355190972002591e6
1644 -1.0355193195453151e6
1645 -1.0355111175197284e6
1646 -1.0355115856379052e6
1647 -1.0355120262958521e6
1648 -1.0355124263576169e6
1649 -1.0355127315453291e6
1650 -1.0355129978173983e6
1651 -1.0355132131054957e6
1652 -1.0355134630787023e6
1653 -1.0355137133726804e6
1654 -1.0355140118272575e6
1655 -1.035514166104281e6
1656 -1.0355145997940245e6
1657 -1.0355147424591274e6
1658 -1.0355150495970761e6
1659 -1.0355154672562856e6
1660 -1.0355158799332974e6
1661 -1.0355161643714735e6
1662 -1.0355164235226319e6
1663 -1.0355166720087939e6
1664 -1.0355171042154352e6
1665 -1.0355172593417257e6
1666 -1.0355176742510652e6
1667 -1.0355179231976592e6
1668 -1.0355182113547511e6
1669 -1.0355186723265816e6
1670 -1.0355189587180412e6
1671 -1.035519161741218e6
1672 -1.0355144627962549e6
1673 -1.0355145681775059e6
1674 -1.0355147991194676e6
1675 -1.0355150715148178e6
1676 -1.0355152726643202e6
1677 -1.0355156215986705e6
1678 -1.0355158340789932e6
1679 -1.0355160237011166e6
1680 -1.0355162078422391e6
1681 -1.0355164951941434e6
1682 -1.0355169258766612e6
1683 -1.0355171535874363e6
1684 -1.0355174904413256e6
1685 -1.0355177835508832e6
1686 -1.0355183046839151e6
1687 -1.0355185289423367e6
1688 -1.0355187417782396e6
1689 -1.0355191733890368e6
1690 -1.0355194821576674e6
1691 -1.0355199765897596e6
1692 -1.0355203959005609e6
1693 -1.0355207401566309e6
1694 -1.0355193827030589e6
1695 -1.0355197553939674e6
1696 -1.0355201004759405e6
1697 -1.0355204399474974e6
1698 -1.0355206941112176e6
1699 -1.0355210216473092e6
1700 -1.0355213146819433e6
1701 -1.0355216137399364e6
1702 -1.03552204469683e6
1703 -1.035522479653988e6
1704 -1.0355229801746602e6
1705 -1.0355232480423574e6
1706 -1.0355236256805313e6
1707 -1.0355239480019195e6
1708 -1.0355240708361892e6
1709 -1.0355244830965227e6
1710 -1.0355248735290777e6
1711 -1.0355251946819926e6
1712 -1.0355254757223327e6
1713 -1.0355258035522625e6
1714 -1.0355262305375168e6
1715 -1.0355263833367778e6
1716 -1.0355268456143525e6
1717 -1.0355272929253904e6
1718 -1.0355276085706686e6
1719 -1.035527914844596e6
1720 -1.0355281229112644e6
1721 -1.0355283435864483e6
1722 -1.0355288121181396e6
1723 -1.0355291660565659e6
1724 -1.0355295803161159e6
1725 -1.0355300140589951e6
1726 -1.0355303192954956e6
1727 -1.0355305840536295e6
1728 -1.0355308819067806e6
1729 -1.0355311523675657e6
1730 -1.0355313241719874e6
1731 -1.0355316514477457e6
1732 -1.0355319257896352e6
1733 -1.0355323381088927e6
1734 -1.0355251125419738e6
1735 -1.0355254741115829e6
1736 -1.0355257102806274e6
1737 -1.0355260312152901e6
1738 -1.0355262056846671e6
1739 -1.0355162599828343e6
1740 -1.0355164795423665e6
1741 -1.0355168513749669e6
1742 -1.0355176296169452e6
1743 -1.0355179344757686e6
1744 -1.035518124980228e6
1745 -1.0355182665767146e6
1746 -1.0355187694213705e6
1747 -1.0355189925086631e6
1748 -1.035519148356414e6
1749 -1.0355194863703044e6
1750 -1.0355196470693098e6
1751 -1.0355200934953478e6
1752 -1.0355204709271507e6
1753 -1.035520872979047e6
1754 -1.0355213932347813e6
1755 -1.0355208966215824e6
1756 -1.0355211947593451e6
1757 -1.035521408213472e6
1758 -1.0355216411955775e6
1759 -1.035521889186756e6
1760 -1.0355221777872874e6
1761 -1.035522591416854e6
1762 -1.0355230752323396e6
1763 -1.035523424777955e6
1764 -1.0355236934344864e6
1765 -1.0355240063042879e6
1766 -1.0355242930576096e6
1767 -1.0355245897257309e6
1768 -1.035524886641853e6
1769 -1.0355128795496778e6
1770 -1.0355131348322984e6
1771 -1.0355134602848557e6
1772 -1.0355137961022907e6
1773 -1.0355140969117356e6
1774 -1.0355144609215966e6
1775 -1.0355146920659123e6
1776 -1.0355148842487575e6
1777 -1.0355150256152158e6
1778 -1.035515374311625e6
1779 -1.0355155574550332e6
1780 -1.0355157471785822e6
1781 -1.035515979183668e6
1782 -1.035516344811969e6
1783 -1.035516590093323e6
1784 -1.0355170883225787e6
1785 -1.035517395844053e6
1786 -1.0355177452854202e6
1787 -1.0355180351888279e6
1788 -1.0355182807563096e6
1789 -1.0355185733092546e6
1790 -1.0355189256364038e6
1791 -1.0355191555413422e6
1792 -1.0355195036790625e6
1793 -1.035520467605354e6
1794 -1.0355210510481347e6
1795 -1.0355213328161461e6
1796 -1.0355217028916015e6
1797 -1.0355218731317302e6
1798 -1.0355221423928994e6
1799 -1.0355223465193239e6
1800 -1.0355107950202033e6
1801 -1.0355110336842561e6
1802 -1.0355112733106732e6
1803 -1.035511846791402e6
1804 -1.0355122987499556e6
1805 -1.0355127671472555e6
1806 -1.0355133245595105e6
1807 -1.0355135487236639e6
1808 -1.0355138340367022e6
1809 -1.0355141231074685e6
1810 -1.0355145238290322e6
1811 -1.0355149338119591e6
1812 -1.0355153365840195e6
1813 -1.0355154998254038e6
1814 -1.0355157819564221e6
1815 -1.0355160675404619e6
1816 -1.0355163356174359e6
1817 -1.0355167011636109e6
1818 -1.0355171409873837e6
1819 -1.0355173799881696e6
1820 -1.0355176183897402e6
1821 -1.0355180296344516e6
1822 -1.0355182801702478e6
1823 -1.035518554540593e6
1824 -1.0355188416997273e6
1825 -1.035523101604711e6
1826 -1.0355236235278331e6
1827 -1.0355238701889438e6
1828 -1.0355241186774122e6
1829 -1.0355243824317083e6
1830 -1.0355247185024673e6
1831 -1.035525012090154e6
1832 -1.0355254841943088e6
1833 -1.0355256541876422e6
1834 -1.0355259392960988e6
1835 -1.0355262098513946e6
1836 -1.0355264865345994e6
1837 -1.0355144221359631e6
1838 -1.0355147361367184e6
1839 -1.0355149194599786e6
1840 -1.0355151783559641e6
1841 -1.0355155045956253e6
1842 -1.0355158519533998e6
1843 -1.0355048676907903e6
1844 -1.0355051712107057e6
1845 -1.0355055434676189e6
1846 -1.0355057380842817e6
1847 -1.0355061092646577e6
1848 -1.0355064945680434e6
1849 -1.0355068367027079e6
1850 -1.0355071778593727e6
1851 -1.0355074369159449e6
1852 -1.0355078114140223e6
1853 -1.03550809740329e6
1854 -1.0355084180720784e6
1855 -1.0355089483345944e6
1856 -1.0355092728005566e6
1857 -1.0355095642895778e6
1858 -1.035509871259007e6
1859 -1.0355102627589977e6
1860 -1.0355104783658846e6
1861 -1.0355108153125509e6
1862 -1.035511246292315e6
1863 -1.0355114518971625e6
1864 -1.0355118072874377e6
1865 -1.035511939022244e6
1866 -1.0355120454920006e6
1867 -1.0355123117162654e6
1868 -1.0355125573635497e6
1869 -1.0355127810196301e6
1870 -1.0355131018256698e6
1871 -1.0355132305035328e6
1872 -1.035513577448928e6
1873 -1.0355139362699112e6
1874 -1.0355145366930431e6
1875 -1.0355149002580005e6
1876 -1.0355151440234783e6
1877 -1.0355155924935786e6
1878 -1.0355158192204579e6
1879 -1.0355160343154387e6
1880 -1.035516482050186e6
1881 -1.0355167515189117e6
1882 -1.0355169326637825e6
1883 -1.0355172075007681e6
1884 -1.0355176774899124e6
1885 -1.0355179774933278e6
1886 -1.035518229131055e6
1887 -1.0355188280928526e6
1888 -1.0355190818907333e6
1889 -1.0355193926070989e6
1890 -1.0355198644756156e6
1891 -1.035520149298151e6
1892 -1.0355205277996715e6
1893 -1.0355207783419527e6
1894 -1.0355209703881308e6
1895 -1.0355213105059634e6
1896 -1.0355215804728486e6
1897 -1.0355217834448458e6
1898 -1.0355220311645119e6
1899 -1.0355223492653436e6
1900 -1.0355225879307158e6
1901 -1.0355228473457543e6
1902 -1.035523147335663e6
1903 -1.035523433823619e6
1904 -1.0355236459167465e6
1905 -1.0355179980464254e6
1906 -1.0355182504279132e6
1907 -1.0355185014946291e6
1908 -1.0355188696996234e6
1909 -1.0355191595285216e6
1910 -1.0355193827553855e6
1911 -1.035519620432965e6
1912 -1.035519810517407e6
1913 -1.0355200780621078e6
1914 -1.0355203592092615e6
1915 -1.0355206430167824e6
1916 -1.0355210521073798e6
1917 -1.0355214362091175e6
1918 -1.0355217762037036e6
1919 -1.0355221146200792e6
1920 -1.0355224679991609e6
1921 -1.0355227245532862e6
1922 -1.0355229675257473e6
1923 -1.0355232359778513e6
1924 -1.0355242468316748e6
1925 -1.0355247619021402e6
1926 -1.0355250529502253e6
1927 -1.0355251511301075e6
1928 -1.0355255577784774e6
1929 -1.0355258559078132e6
1930 -1.0355262188482981e6
1931 -1.0355264682028029e6
1932 -1.0355267534407494e6
1933 -1.0355270024751939e6
1934 -1.0355271351215214e6
1935 -1.0355275330155697e6
1936 -1.0355278980973172e6
1937 -1.0355281599232336e6
1938 -1.0355284112682907e6
1939 -1.0355285700674583e6
1940 -1.0355287724373869e6
1941 -1.0355290633699807e6
1942 -1.0355294248928037e6
1943 -1.0355296512858453e6
1944 -1.0355298904700615e6
1945 -1.0355302968908692e6
1946 -1.0355306862397697e6
1947 -1.0355308687265788e6
1948 -1.0355311436296416e6
1949 -1.0355315043414461e6
1950 -1.0355318408963492e6
1951 -1.0355321512528975e6
1952 -1.0355323539430753e6
1953 -1.035532641055287e6
1954 -1.035533033184788e6
1955 -1.0355332915179052e6
1956 -1.0355334999126322e6
1957 -1.035533673556844e6
1958 -1.0355339358284917e6
1959 -1.0355342061224575e6
1960 -1.0355344267214327e6
1961 -1.035534743122831e6
1962 -1.0355350946968175e6
1963 -1.035535424700713e6
1964 -1.0355355465294975e6
1965 -1.0355358649778723e6
1966 -1.0355359870496225e6
1967 -1.0355362262135306e6
1968 -1.0355365664512892e6
1969 -1.0355369913117712e6
1970 -1.0355371148308963e6
1971 -1.0355375496745671e6
1972 -1.0355379051337235e6
1973 -1.0355382418787115e6
1974 -1.0355385700687534e6
1975 -1.0355388452094414e6
1976 -1.0355392316606219e6
1977 -1.0355394452602449e6
1978 -1.0355398008506683e6
1979 -1.0355402023280235e6
1980 -1.0355380214658024e6
1981 -1.0355382851119711e6
1982 -1.0355385265627914e6
1983 -1.0355387237606184e6
1984 -1.0355389954175535e6
1985 -1.0355392970093228e6
1986 -1.0355395608341934e6
1987 -1.035539781193528e6
1988 -1.0355399771791387e6
1989 -1.0355402512245162e6
1990 -1.0355367561606285e6
1991 -1.0355370540194154e6
1992 -1.0355373055033105e6
1993 -1.035537715729276e6
1994 -1.0355382244153792e6
1995 -1.0355386511351631e6
1996 -1.0355390398940163e6
1997 -1.0355394006416192e6
1998 -1.0355395943384243e6
1999 -1.035544205037016e6
2000 -1.0355444691480625e6
2001 -1.0355447979878536e6
2002 -1.0355450763308886e6
2003 -1.035545334405719e6
2004 -1.035545751520476e6
2005 -1.0355460101889023e6
2006 -1.0355466860319676e6
2007 -1.0355470072723054e6
2008 -1.0355473068944566e6
2009 -1.0355477370707074e6
2010 -1.0355480076757554e6
2011 -1.0355483745472068e6
2012 -1.0355486296309402e6
2013 -1.035548840270187e6
2014 -1.0355490733065049e6
2015 -1.0355493815941517e6
2016 -1.035549727436132e6
2017 -1.0355500685762197e6
2018 -1.0355504388939966e6
2019 -1.0355507273379585e6
2020 -1.0355509589878013e6
2021 -1.0355513261426447e6
2022 -1.0355515431958156e6
2023 -1.0355517606208635e6
2024 -1.0355519456361438e6
2025 -1.035552338433056e6
2026 -1.0355528024045657e6
2027 -1.0355530945785543e6
2028 -1.0355533871286109e6
2029 -1.0355538393752022e6
2030 -1.0355541682157235e6
2031 -1.0355544766813286e6
2032 -1.0355547370964728e6
2033 -1.0355550364998761e6
2034 -1.0355555762843626e6
2035 -1.0355558700632823e6
2036 -1.035556218936723e6
2037 -1.035556607400357e6
2038 -1.0355570164726237e6
2039 -1.0355573122825492e6
2040 -1.0355577309466465e6
2041 -1.035558074940172e6
2042 -1.0355566646757245e6
2043 -1.0355573968248677e6
2044 -1.0355576208702314e6
2045 -1.0355578413157093e6
2046 -1.035558109208913e6
2047 -1.0355563453962454e6
2048 -1.0355565436547225e6
2049 -1.0355570039563826e6
2050 -1.0355572372907922e6
2051 -1.0355577377956733e6
2052 -1.035558297554379e6
2053 -1.0355587314844135e6
2054 -1.0355590669926906e6
2055 -1.035559372883716e6
2056 -1.0355597706335539e6
2057 -1.0355600148615687e6
2058 -1.0355603080621276e6
2059 -1.035560721059858e6
2060 -1.035561063251765e6
2061 -1.0355615329485626e6
2062 -1.0355618446465798e6
2063 -1.0355622974220389e6
2064 -1.0355625692573743e6
2065 -1.0355627513563947e6
2066 -1.0355630718677354e6
2067 -1.0355633957011164e6
2068 -1.0355636609281125e6
2069 -1.0355639388784699e6
2070 -1.0355641414133777e6
2071 -1.0355644469090092e6
2072 -1.0355645756779076e6
2073 -1.0355648179482444e6
2074 -1.0355712827849537e6
2075 -1.0355715918985229e6
2076 -1.0355721568932018e6
2077 -1.0355724889957017e6
2078 -1.0355727445218347e6
2079 -1.0355730575312177e6
2080 -1.0355732895896041e6
2081 -1.0355736528206859e6
2082 -1.0355739709364057e6
2083 -1.0355741905029506e6
2084 -1.0355636830475422e6
2085 -1.0355640610818377e6
2086 -1.0355642684474437e6
2087 -1.035564450671881e6
2088 -1.0355646577431627e6
2089 -1.0355650586627068e6
2090 -1.0355655525487319e6
2091 -1.0355659592168641e6
2092 -1.0355663662588384e6
2093 -1.0355665461833669e6
2094 -1.0355676145215614e6
2095 -1.0355678956922702e6
2096 -1.0355682897155352e6
2097 -1.0355685279319249e6
2098 -1.0355689265639633e6
2099 -1.0355692615479953e6
2100 -1.0355695531691732e6
2101 -1.0355697388538483e6
2102 -1.0355699812013082e6
2103 -1.0355702201458429e6
2104 -1.0355705845421674e6
2105 -1.0355708497633002e6
2106 -1.0355714936044168e6
2107 -1.0355716450297652e6
2108 -1.0355667747488683e6
2109 -1.0355670162248996e6
2110 -1.0355672939541051e6
2111 -1.0355675920700976e6
2112 -1.0355677246677016e6
2113 -1.0355679737943696e6
2114 -1.0355735968150853e6
2115 -1.0355738784026233e6
2116 -1.0355741040033686e6
2117 -1.0355733627334095e6
2118 -1.0355737208556356e6
2119 -1.035573883132235e6
2120 -1.0355740872391283e6
2121 -1.0355743480245287e6
2122 -1.0355746571401269e6
2123 -1.0355749490997643e6
2124 -1.0355753729697625e6
2125 -1.0355756292873146e6
2126 -1.0355759656732519e6
2127 -1.0355761761914742e6
2128 -1.0355764966882558e6
2129 -1.0355769090865292e6
2130 -1.0355771865417152e6
2131 -1.0355775344770999e6
2132 -1.0355778029397833e6
2133 -1.035578007409015e6
2134 -1.0355782747318426e6
2135 -1.0355785175226601e6
2136 -1.0355788373807009e6
2137 -1.0355791832382756e6
2138 -1.035579566141462e6
2139 -1.0355797786636469e6
2140 -1.0355801347523829e6
2141 -1.0355805430115939e6
2142 -1.0355809590571127e6
2143 -1.0355811677989869e6
2144 -1.0355813275259901e6
2145 -1.0355817889073174e6
2146 -1.0355820439262752e6
2147 -1.0355822399638075e6
2148 -1.0355825157644908e6
2149 -1.0355828852814098e6
2150 -1.0355831139881449e6
2151 -1.0355832983099695e6
2152 -1.0355835464293109e6
2153 -1.0355837917045985e6
2154 -1.0355840656724728e6
2155 -1.0355843655995538e6
2156 -1.0355845307225493e6
2157 -1.0355848812562886e6
2158 -1.0355852406948556e6
2159 -1.035585523702261e6
2160 -1.0355859530922194e6
2161 -1.0355753885056287e6
2162 -1.0355757057912997e6
2163 -1.0355707838566755e6
2164 -1.0355710844220149e6
2165 -1.035571342153248e6
2166 -1.0355716201022622e6
2167 -1.0355719877790071e6
2168 -1.0355723005647704e6
2169 -1.0355669088543727e6
2170 -1.0355672697611268e6
2171 -1.0355675429563541e6
2172 -1.0355678366944873e6
2173 -1.0355681728408678e6
2174 -1.0355684347912981e6
2175 -1.0355686874707203e6
2176 -1.035568920597164e6
2177 -1.0355691803035517e6
2178 -1.0355695274575885e6
2179 -1.035569694382418e6
2180 -1.0355698555690036e6
2181 -1.0355701021693124e6
2182 -1.0355704851791498e6
2183 -1.0355710086262868e6
2184 -1.0355717910740266e6
2185 -1.0355720950505842e6
2186 -1.0355724062503836e6
2187 -1.0355727723832484e6
2188 -1.0355729874473341e6
2189 -1.0355733591818259e6
2190 -1.0355681527492023e6
2191 -1.0355684675791668e6
2192 -1.0355687769340677e6
2193 -1.0355691001813742e6
2194 -1.0355695038504468e6
2195 -1.0355697851685253e6
2196 -1.0355700927898684e6
2197 -1.0355703672612436e6
2198 -1.0355706420632908e6
2199 -1.0355709844956837e6
2200 -1.0355714203319065e6
2201 -1.0355718298516641e6
2202 -1.0355720358335708e6
2203 -1.035572453355533e6
2204 -1.0355727287758072e6
2205 -1.0355729264294249e6
2206 -1.035572178781904e6
2207 -1.0355725482614208e6
2208 -1.0355728639537572e6
2209 -1.0355732957158285e6
2210 -1.0355735931372085e6
2211 -1.035573846459206e6
2212 -1.0355741314922632e6
2213 -1.0355743349360179e6
2214 -1.0355746342742259e6
2215 -1.0355750417439928e6
2216 -1.0355752618310628e6
2217 -1.035565688863559e6
2218 -1.0355661493793699e6
2219 -1.0355664412092688e6
2220 -1.0355667506695946e6
2221 -1.0355671915392787e6
2222 -1.0355676319697647e6
2223 -1.0355679160942056e6
2224 -1.035568146226751e6
2225 -1.035568376911402e6
2226 -1.0355675611577379e6
2227 -1.035567816114598e6
2228 -1.0355680244034728e6
2229 -1.0355683746594861e6
2230 -1.0355628244352189e6
2231 -1.0355639010665513e6
2232 -1.0355605642308383e6
2233 -1.0355608287806255e6
2234 -1.0355611693115953e6
2235 -1.0355615883836505e6
2236 -1.0355617818372739e6
2237 -1.0355621322020256e6
2238 -1.0355540611919978e6
2239 -1.0355544136136712e6
2240 -1.0355547654978589e6
2241 -1.0355550937094113e6
2242 -1.0355464090294342e6
2243 -1.0355467871479781e6
2244 -1.0355469649804555e6
2245 -1.0355471910255193e6
2246 -1.0355474293496291e6
2247 -1.0355477394537264e6
2248 -1.0355479459726841e6
2249 -1.0355482927368262e6
2250 -1.0355485641773418e6
2251 -1.0355429503536787e6
2252 -1.0355433392379334e6
2253 -1.0355353556138395e6
2254 -1.0355358722233265e6
2255 -1.0355361175231352e6
2256 -1.0355364873158545e6
2257 -1.035536827349819e6
2258 -1.0355371545815931e6
2259 -1.0355374816752085e6
2260 -1.0355376709755231e6
2261 -1.0355385896236111e6
2262 -1.0355387969549018e6
2263 -1.0355392838663199e6
2264 -1.0355395867941175e6
2265 -1.0355399362724458e6
2266 -1.0355402424260576e6
2267 -1.0355404916146705e6
2268 -1.0355408243617904e6
2269 -1.0355412378271635e6
2270 -1.0355416672726006e6
2271 -1.0355419615535049e6
2272 -1.0355422765323544e6
2273 -1.0355425387887306e6
2274 -1.035542965687235e6
2275 -1.0355431875571463e6
2276 -1.0355437247384485e6
2277 -1.0355440330162446e6
2278 -1.0355444066856047e6
2279 -1.0355447526010585e6
2280 -1.035545000710421e6
2281 -1.0355451263610004e6
2282 -1.0355501575339189e6
2283 -1.0355505087185965e6
2284 -1.0355508243569634e6
2285 -1.035551066497609e6
2286 -1.0355509713350111e6
2287 -1.0355512559347921e6
2288 -1.035551434242431e6
2289 -1.0355518071577845e6
2290 -1.0355521268586782e6
2291 -1.0355524604792305e6
2292 -1.0355527218362927e6
2293 -1.0355529941930312e6
2294 -1.0355595643318212e6
2295 -1.0355546275662011e6
2296 -1.0355550936398642e6
2297 -1.0355553681537706e6
2298 -1.0355557157265907e6
2299 -1.0355559521641921e6
2300 -1.0355563691052343e6
2301 -1.0355566659185436e6
2302 -1.0355570112206183e6
2303 -1.0355574092383663e6
2304 -1.0355578212951126e6
2305 -1.035558088647551e6
2306 -1.0355584736740985e6
2307 -1.0355588146287464e6
2308 -1.0355590135796624e6
2309 -1.0355592128701328e6
2310 -1.0355594273564874e6
2311 -1.0355597321360762e6
2312 -1.0355600288190092e6
2313 -1.0355604160831021e6
2314 -1.0355607841896047e6
2315 -1.035561078024266e6
2316 -1.035561449599103e6
2317 -1.0355617802811379e6
2318 -1.0355620876144064e6
2319 -1.0355623596591889e6
2320 -1.0355627112880008e6
2321 -1.035562971162345e6
2322 -1.0355631628930587e6
2323 -1.0355635374132695e6
2324 -1.0355638763680677e6
2325 -1.0355612989113913e6
2326 -1.035561681462768e6
2327 -1.0355518140834105e6
2328 -1.0355458239630057e6
2329 -1.0355461425260307e6
2330 -1.0355464286322114e6
2331 -1.0355381074367254e6
2332 -1.0355387117905021e6
2333 -1.0355392146656669e6
2334 -1.0355394987670064e6
2335 -1.0355398967461322e6
2336 -1.0355400627097378e6
2337 -1.0355403670463646e6
2338 -1.0355407656675561e6
2339 -1.0355357074282491e6
2340 -1.0355360815099496e6
2341 -1.0355364245196597e6
2342 -1.0355368370844284e6
2343 -1.0355372865304354e6
2344 -1.0355375025858744e6
2345 -1.0355315114302672e6
2346 -1.0355258908272008e6
2347 -1.0355262736130038e6
2348 -1.035526441604031e6
2349 -1.035526742224402e6
2350 -1.0355269680591316e6
2351 -1.0355272578362869e6
2352 -1.0355276131866637e6
2353 -1.0355278439317128e6
2354 -1.0355282712832112e6
2355 -1.0355284750807693e6
2356 -1.0355287776148622e6
2357 -1.0355290979686929e6
2358 -1.0355292613886483e6
2359 -1.0355294842402118e6
2360 -1.0355297835190597e6
2361 -1.0355300959042201e6
2362 -1.035530390661875e6
2363 -1.0355308227873463e6
2364 -1.0355312764535616e6
2365 -1.0355316263924111e6
2366 -1.0355319248567582e6
2367 -1.0355322050163215e6
2368 -1.035532339873107e6
2369 -1.0355307138918068e6
2370 -1.0355310971100096e6
2371 -1.035531371193511e6
2372 -1.0355316436439615e6
2373 -1.0355304239342168e6
2374 -1.0355305565326922e6
2375 -1.0355308813432609e6
2376 -1.0355312953332055e6
2377 -1.0355316013752626e6
2378 -1.0355271912657846e6
2379 -1.035527506867454e6
2380 -1.0355278709662714e6
2381 -1.0355222262548243e6
2382 -1.0355224049746381e6
2383 -1.035522768612721e6
2384 -1.0355233645675703e6
2385 -1.0355237330571681e6
2386 -1.0355243453480435e6
2387 -1.0355246008647173e6
2388 -1.0355179712140947e6
2389 -1.035518370757034e6
2390 -1.0355122285254813e6
2391 -1.0355125321338526e6
2392 -1.0355128469249121e6
2393 -1.0355132364528282e6
2394 -1.0355135400634093e6
2395 -1.0355139318143261e6
2396 -1.0355140883913465e6
2397 -1.0355144559561852e6
2398 -1.035514774345092e6
2399 -1.0355151394814689e6
2400 -1.0355153506116428e6
2401 -1.0355156200661296e6
2402 -1.0355059680211274e6
2403 -1.0355097866670414e6
2404 -1.035510078614644e6
2405 -1.0355103776582318e6
2406 -1.0354922610364889e6
2407 -1.0354925637762956e6
2408 -1.0354935398049885e6
2409 -1.0354937947915349e6
2410 -1.0354941090128104e6
2411 -1.0354842081894167e6
2412 -1.0354844593321136e6
2413 -1.0354847612258802e6
2414 -1.0354832296935534e6
2415 -1.0354835510840805e6
2416 -1.035473629719136e6
2417 -1.0354737713595349e6
2418 -1.0354742330346176e6
2419 -1.0354745467726254e6
2420 -1.0354749295934569e6
2421 -1.0354752554307837e6
2422 -1.0354755931160626e6
2423 -1.0354759641304642e6
2424 -1.0354761352515324e6
2425 -1.0354764152883643e6
2426 -1.035476626651702e6
2427 -1.0354769632794888e6
2428 -1.0354771888074904e6
2429 -1.0354774260497512e6
2430 -1.0354777642891512e6
2431 -1.0354779693071947e6
2432 -1.0354782977797834e6
2433 -1.0354786393738647e6
2434 -1.0354789375802446e6
2435 -1.0354707899274343e6
2436 -1.0354684694632771e6
2437 -1.035468725891925e6
2438 -1.0354689866035918e6
2439 -1.0354693350883021e6
2440 -1.0354696171271667e6
2441 -1.0354609090347583e6
2442 -1.0354613220998751e6
2443 -1.0354615941292671e6
2444 -1.0354534832329189e6
2445 -1.0354538267211076e6
2446 -1.0354540119495458e6
2447 -1.0354544277834793e6
2448 -1.0354376806481536e6
2449 -1.0354300891535133e6
2450 -1.0354303943828911e6
2451 -1.0354306975959915e6
2452 -1.035431128341996e6
2453 -1.0354313316606244e6
2454 -1.0354314809857074e6
2455 -1.0354209020051906e6
2456 -1.0354213369417144e6
2457 -1.035421855070272e6
2458 -1.0354222116182605e6
2459 -1.0354225339642197e6
2460 -1.035415067188699e6
2461 -1.0354154879059356e6
2462 -1.0354157599169109e6
2463 -1.0354161002397146e6
2464 -1.0354140468208027e6
2465 -1.0354037019681247e6
2466 -1.0353930672983509e6
2467 -1.0353934061135803e6
2468 -1.0353937865538117e6
2469 -1.0353941152626922e6
2470 -1.0353944581126231e6
2471 -1.0353946344825384e6
2472 -1.0353951246428516e6
2473 -1.0353954861382706e6
2474 -1.0353958025664147e6
2475 -1.0353992438833804e6
2476 -1.0353994607546348e6
2477 -1.0353997984205987e6
2478 -1.0354002143266666e6
2479 -1.0354004312550452e6
2480 -1.0354006714684402e6
2481 -1.0354010054741111e6
2482 -1.0354018903127216e6
2483 -1.0354026501567932e6
2484 -1.0353959966716022e6
2485 -1.0353963243010103e6
2486 -1.03539653460823e6
2487 -1.035397281669392e6
2488 -1.0353975138201586e6
2489 -1.0353978001486862e6
2490 -1.0353980848836703e6
2491 -1.0353983958628473e6
2492 -1.035398814343682e6
2493 -1.0353990298900412e6
2494 -1.0353992814195277e6
2495 -1.0353997117568216e6
2496 -1.0353959583225828e6
2497 -1.0353963734462473e6
2498 -1.0353967795095644e6
2499 -1.035397987375387e6
2500 -1.0353982666087835e6
2501 -1.0353997449735464e6
2502 -1.0353999871215392e6
2503 -1.0354001090452629e6
2504 -1.0354004584566811e6
2505 -1.0354007205264836e6
2506 -1.0354009316415482e6
2507 -1.0354012089667495e6
2508 -1.0354015498603478e6
2509 -1.0354017314328589e6
2510 -1.0354096657467703e6
2511 -1.0353977355205496e6
2512 -1.0353880038940649e6
2513 -1.0353849407922438e6
2514 -1.0353853623832098e6
2515 -1.0353860467457632e6
2516 -1.0353863551938962e6
2517 -1.0353740289317074e6
2518 -1.035374762428435e6
2519 -1.0353749296689917e6
2520 -1.035375250236882e6
2521 -1.0353753692253518e6
2522 -1.0353755845242688e6
2523 -1.035375721720906e6
2524 -1.0353759909668273e6
2525 -1.0353763128515427e6
2526 -1.0353767242620683e6
2527 -1.0353770577053623e6
2528 -1.0353773746703026e6
2529 -1.0353777663311074e6
2530 -1.035378213180166e6
2531 -1.0353785308663639e6
2532 -1.0353786745285868e6
2533 -1.0353788278448182e6
2534 -1.0353792456781724e6
2535 -1.035372280899262e6
2536 -1.0353727357306476e6
2537 -1.0353730325728469e6
2538 -1.0353734622499299e6
2539 -1.0353738869543185e6
2540 -1.0353741579563573e6
2541 -1.0353744210422721e6
2542 -1.0353702601997489e6
2543 -1.0353704533571238e6
2544 -1.0353593204182882e6
2545 -1.0353596571361385e6
2546 -1.0353599991208967e6
2547 -1.0353604232083454e6
2548 -1.0353607231480267e6
2549 -1.0353609303780764e6
2550 -1.035361232499116e6
2551 -1.0353617079959018e6
2552 -1.0353631082007571e6
2553 -1.0353634581545802e6
2554 -1.035363909793474e6
2555 -1.0353640874600257e6
2556 -1.0353642612691435e6
2557 -1.0353645266133855e6
2558 -1.0353649429463297e6
2559 -1.0353653102637276e6
2560 -1.0353656058118464e6
2561 -1.0353658613107236e6
2562 -1.0353662328038841e6
2563 -1.0353666278661859e6
2564 -1.0353670810335267e6
2565 -1.0353673791971112e6
2566 -1.0353677070611585e6
2567 -1.0353587684815957e6
2568 -1.0353590061759218e6
2569 -1.0353592086225695e6
2570 -1.0353597413436258e6
2571 -1.0353600240447978e6
2572 -1.0353603755395833e6
2573 -1.035360586285353e6
2574 -1.0353609048566958e6
2575 -1.035361137998947e6
2576 -1.0353614115252711e6
2577 -1.0353617949154269e6
2578 -1.0353595248039206e6
2579 -1.0353599749651713e6
2580 -1.0353603465537822e6
2581 -1.0353606477121848e6
2582 -1.0353547143273759e6
2583 -1.0353549966497791e6
2584 -1.0353553947344839e6
2585 -1.0353556990242841e6
2586 -1.0353560533073333e6
2587 -1.0353563941748892e6
2588 -1.0353566168925366e6
2589 -1.0353572027459096e6
2590 -1.0353574326652128e6
2591 -1.0353482862721606e6
2592 -1.0353486206566859e6
2593 -1.0353404991840716e6
2594 -1.0353407161271193e6
2595 -1.0353411851582956e6
2596 -1.0353327585898365e6
2597 -1.0353329990995266e6
2598 -1.0353332361666838e6
2599 -1.0353335567363333e6
2600 -1.0353306243199082e6
2601 -1.0353255727441022e6
2602 -1.0353260766723122e6
2603 -1.035330230511009e6
2604 -1.0353308807891431e6
2605 -1.0353309716938464e6
