0 -1.0791927438952443e6
1 -1.0791126073172118e6
2 -1.0790716752481575e6
3 -1.0790528328087775e6
4 -1.079043592020926e6
5 -1.079022844966948e6
6 -1.0790242046484328e6
7 -1.0790168566311297e6
8 -1.0788713243476753e6
9 -1.0788717480433777e6
10 -1.0788531585999639e6
11 -1.0788546878990345e6
12 -1.0785595152099873e6
13 -1.078559705996829e6
14 -1.0781821484510629e6
15 -1.0781770808371888e6
16 -1.0781730213162303e6
17 -1.0780839440076826e6
18 -1.077891111127947e6
19 -1.0778915832109782e6
20 -1.0778770223596608e6
21 -1.0778422871260566e6
22 -1.077828284069357e6
23 -1.077828897872422e6
24 -1.0777313378976856e6
25 -1.077725788236874e6
26 -1.0776674477365748e6
27 -1.077578148778891e6
28 -1.0774574321376304e6
29 -1.077389733727514e6
30 -1.077338570455399e6
31 -1.0773272679727226e6
32 -1.0771463987114322e6
33 -1.0770683608728552e6
34 -1.076955822898538e6
35 -1.076956123108049e6
36 -1.0768467269375175e6
37 -1.0768472093418727e6
38 -1.0768473619494694e6
39 -1.0768491432227334e6
40 -1.0766928396569893e6
41 -1.076677854814618e6
42 -1.0766781468812744e6
43 -1.0766602011386934e6
44 -1.0766608144267157e6
45 -1.076661993020262e6
46 -1.07658563863728e6
47 -1.0765190824906107e6
48 -1.0764825897029242e6
49 -1.0764259877718675e6
50 -1.0764264973706547e6
51 -1.0763801192293724e6
52 -1.0763705689378355e6
53 -1.076371010280548e6
54 -1.0762742543473234e6
55 -1.076267927826146e6
56 -1.0762577919320236e6
57 -1.0762586274595337e6
58 -1.0761387249971235e6
59 -1.0761200547747277e6
60 -1.0761202617481286e6
61 -1.076120606466657e6
62 -1.0760175996095887e6
63 -1.0759260213788585e6
64 -1.0759237102822016e6
65 -1.0759239969356777e6
66 -1.0759241133525446e6
67 -1.0758253853116739e6
68 -1.0757601043192265e6
69 -1.0757015228573692e6
70 -1.0757018849668438e6
71 -1.0756923155885504e6
72 -1.0755923924424332e6
73 -1.0755282589517243e6
74 -1.0754453405334281e6
75 -1.0754404003992262e6
76 -1.0754353362674941e6
77 -1.075376927668468e6
78 -1.0753671468152534e6
79 -1.0753246747965303e6
80 -1.0752736183290337e6
81 -1.0752324963314435e6
82 -1.0752230668279522e6
83 -1.0751567606783288e6
84 -1.0751571490936747e6
85 -1.0751384243768381e6
86 -1.0751395769209245e6
87 -1.0751397203810136e6
88 -1.0751404929824672e6
89 -1.075048335495335e6
90 -1.0749887437270368e6
91 -1.0749890100589055e6
92 -1.074941735838676e6
93 -1.0749380018981372e6
94 -1.0749406813285628e6
95 -1.074940951019519e6
96 -1.0748901638129898e6
97 -1.0748307703472204e6
98 -1.0747926747672462e6
99 -1.0747930706110557e6
100 -1.0747842481303613e6
101 -1.0747721492743462e6
102 -1.0747728813245276e6
103 -1.0747657786700567e6
104 -1.074760662094715e6
105 -1.0747218208908788e6
106 -1.074708285165615e6
107 -1.0746981061327287e6
108 -1.0746999251182466e6
109 -1.0746695023191343e6
110 -1.074669655448665e6
111 -1.0746135495373178e6
112 -1.074611468739389e6
113 -1.0746131654654383e6
114 -1.074574962449816e6
115 -1.0745754213938678e6
116 -1.0744949984622956e6
117 -1.0744745314395623e6
118 -1.0744700757837659e6
119 -1.0744722131915693e6
120 -1.074421654648948e6
121 -1.074391913843931e6
122 -1.0743658546877853e6
123 -1.0743662400776348e6
124 -1.0743663892585633e6
125 -1.0743559432333997e6
126 -1.0743561842662967e6
127 -1.074357114036075e6
128 -1.0743250930577063e6
129 -1.0743163316248704e6
130 -1.0743166040102988e6
131 -1.0742850732489284e6
132 -1.0742573477639575e6
133 -1.0742305103747582e6
134 -1.0742307932593303e6
135 -1.0742312356166104e6
136 -1.0742197068043917e6
137 -1.0742201133519947e6
138 -1.0741987520439052e6
139 -1.074139922346219e6
140 -1.074105447571527e6
141 -1.0741056470193146e6
142 -1.0741063054227978e6
143 -1.0740942483592583e6
144 -1.0740809683548585e6
145 -1.0740403699620748e6
146 -1.0740407914539888e6
147 -1.074042664736767e6
148 -1.0740429872316225e6
149 -1.0740032353369144e6
150 -1.0739961596201942e6
151 -1.0739964279852263e6
152 -1.0739887650486818e6
153 -1.0739665235528413e6
154 -1.0739227860701717e6
155 -1.073891829211428e6
156 -1.0738941704659346e6
157 -1.0738739892391255e6
158 -1.0738764495562487e6
159 -1.0738517814491391e6
160 -1.0738472035517772e6
161 -1.0738217966517769e6
162 -1.0738018922745094e6
163 -1.0737934880249056e6
164 -1.0737960669113218e6
165 -1.073757377722681e6
166 -1.0737578570356676e6
167 -1.0737488103725002e6
168 -1.0737409576887535e6
169 -1.0737142298082004e6
170 -1.0736984869159786e6
171 -1.073698712132715e6
172 -1.0736960845187053e6
173 -1.0736661663745418e6
174 -1.0736584651202026e6
175 -1.0736046273653223e6
176 -1.0735878728058499e6
177 -1.0735611324854188e6
178 -1.0735385279511882e6
179 -1.0735233705986254e6
180 -1.0735117052839915e6
181 -1.0735024209798002e6
182 -1.0734975904740575e6
183 -1.0734973397128617e6
184 -1.0734944005185987e6
185 -1.073488659071021e6
186 -1.0734657350213486e6
187 -1.0734658882492618e6
188 -1.0734573814991629e6
189 -1.0734126580968685e6
190 -1.0734055446526313e6
191 -1.0733959196334044e6
192 -1.0733722974703973e6
193 -1.073358410431468e6
194 -1.0733300816714356e6
195 -1.073330465045626e6
196 -1.0733305720196043e6
197 -1.0733309672206442e6
198 -1.0733312089892647e6
199 -1.0733318143625376e6
200 -1.0733321553050238e6
201 -1.073308099357191e6
202 -1.0732928867857167e6
203 -1.0732810479470436e6
204 -1.0732813584366147e6
205 -1.0732340279700533e6
206 -1.0732144718059404e6
207 -1.0732058457477149e6
208 -1.073185854773854e6
209 -1.073160606869969e6
210 -1.073160956720064e6
211 -1.0731419680695282e6
212 -1.0730902129008975e6
213 -1.0730915845486007e6
214 -1.0730789625473018e6
215 -1.073065478742599e6
216 -1.0730574479434392e6
217 -1.07303147048757e6
218 -1.0729956579868186e6
219 -1.0729844935447136e6
220 -1.072969317894544e6
221 -1.0729557014658854e6
222 -1.072956273440889e6
223 -1.0729555805557608e6
224 -1.072956165046088e6
225 -1.0729565706095055e6
226 -1.0729578397297338e6
227 -1.0729374265451834e6
228 -1.0729377245721386e6
229 -1.0729390390568227e6
230 -1.0729123040916524e6
231 -1.072879508424942e6
232 -1.072861614479234e6
233 -1.0728564960862675e6
234 -1.07283621931691e6
235 -1.0728251730338172e6
236 -1.072819049554395e6
237 -1.0728137428448708e6
238 -1.072799671210507e6
239 -1.0727887861480664e6
240 -1.072779567623416e6
241 -1.0727281412534614e6
242 -1.0727173273374317e6
243 -1.072718108721481e6
244 -1.0727182819746062e6
245 -1.0727190380158504e6
246 -1.0727194692588495e6
247 -1.0727075858843583e6
248 -1.0727014548225764e6
249 -1.0726852683680805e6
250 -1.0726855251862751e6
251 -1.0726639799114605e6
252 -1.0726472212059398e6
253 -1.0726335757138655e6
254 -1.0726138485317603e6
255 -1.072614304519394e6
256 -1.0726156944197756e6
257 -1.0726158732606443e6
258 -1.0725966861305109e6
259 -1.0725903524955444e6
260 -1.0725804827459462e6
261 -1.0725808822232839e6
262 -1.0725533304367254e6
263 -1.0725350275685366e6
264 -1.07251811853293e6
265 -1.0725096427315855e6
266 -1.0724995653154796e6
267 -1.0724877793877798e6
268 -1.0724717640663246e6
269 -1.072474321256728e6
270 -1.0724588228337618e6
271 -1.0724592422469473e6
272 -1.0724594563364862e6
273 -1.0724385561733895e6
274 -1.072435741039104e6
275 -1.0724216274645403e6
276 -1.0724172971249295e6
277 -1.0724112438838477e6
278 -1.07241194027538e6
279 -1.0724087331748924e6
280 -1.0724093519577452e6
281 -1.0724005928614717e6
282 -1.0723831613970571e6
283 -1.0723835516532278e6
284 -1.0723760865344468e6
285 -1.0723726803766694e6
286 -1.072365350673558e6
287 -1.0723663209529358e6
288 -1.072344632067343e6
289 -1.0723233787507052e6
290 -1.0722989556513862e6
291 -1.0722684219269464e6
292 -1.0722457701660357e6
293 -1.072216212683903e6
294 -1.0721945548621772e6
295 -1.072181962860545e6
296 -1.072161234304372e6
297 -1.0721627387284548e6
298 -1.07216296401906e6
299 -1.0721595407224528e6
300 -1.07216109956881e6
301 -1.0721622206086316e6
302 -1.0721632069059187e6
303 -1.0721535695836283e6
304 -1.072143677519226e6
305 -1.0721364511757137e6
306 -1.0721224320345405e6
307 -1.0721183973612e6
308 -1.0721032948767608e6
309 -1.0720959548719558e6
310 -1.0720963068336106e6
311 -1.0720894054145068e6
312 -1.0720896263929661e6
313 -1.0720788634834632e6
314 -1.0720804431910599e6
315 -1.0720808247692015e6
316 -1.0720771922719474e6
317 -1.0720692245079095e6
318 -1.072069440195688e6
319 -1.072065554925388e6
320 -1.0720659932135397e6
321 -1.0720441277518352e6
322 -1.0720417004592933e6
323 -1.072028003309003e6
324 -1.072005580130197e6
325 -1.0720007962607476e6
326 -1.071996123951131e6
327 -1.071982769908287e6
328 -1.0719830047592802e6
329 -1.0719836217384473e6
330 -1.0719717405201672e6
331 -1.0719657450005296e6
332 -1.0719394194789617e6
333 -1.0719365689069533e6
334 -1.0719327574607967e6
335 -1.0719329619344291e6
336 -1.071933772650571e6
337 -1.0719302755727798e6
338 -1.0719305436588132e6
339 -1.071927637895286e6
340 -1.0719013841424002e6
341 -1.0718784534600747e6
342 -1.0718808757481973e6
343 -1.0718831477359873e6
344 -1.071877558643132e6
345 -1.0718697011970936e6
346 -1.071853395208316e6
347 -1.071851885263126e6
348 -1.071848161565369e6
349 -1.0718435375106935e6
350 -1.0718438072913424e6
351 -1.071837669261782e6
352 -1.0718383982216176e6
353 -1.0718349799357876e6
354 -1.071835238700293e6
355 -1.0718280473000424e6
356 -1.0718282124127075e6
357 -1.0718048087689076e6
358 -1.0717935092336657e6
359 -1.0717773877565735e6
360 -1.0717808299593301e6
361 -1.0717716260439393e6
362 -1.0717421735640075e6
363 -1.0717237119540193e6
364 -1.07172462028253e6
365 -1.0717252509054937e6
366 -1.0717255508985089e6
367 -1.071726017065688e6
368 -1.071727339135889e6
369 -1.0717277494947775e6
370 -1.0717226845506756e6
371 -1.071722933257754e6
372 -1.0717237179474803e6
373 -1.0717053189300867e6
374 -1.0717055464531158e6
375 -1.0716798017760008e6
376 -1.0716802026806306e6
377 -1.071680762974479e6
378 -1.0716794903213459e6
379 -1.0716668883317611e6
380 -1.0716672867449964e6
381 -1.071668823331106e6
382 -1.0716680388039686e6
383 -1.0716625403583478e6
384 -1.0716481069966815e6
385 -1.0716483548773886e6
386 -1.0716345725692206e6
387 -1.0716352604899313e6
388 -1.0716354299664963e6
389 -1.07162606914852e6
390 -1.0716144489524488e6
391 -1.0716109224027195e6
392 -1.0716112249460048e6
393 -1.0716116156263074e6
394 -1.0715946308089364e6
395 -1.0715950421448173e6
396 -1.0715952702795644e6
397 -1.0715852838877144e6
398 -1.0715870558137498e6
399 -1.0715815350256702e6
400 -1.0715712009021232e6
401 -1.0715719495620248e6
402 -1.0715485019269662e6
403 -1.0715340330527644e6
404 -1.0715343545042817e6
405 -1.0715308493078419e6
406 -1.0715188269324144e6
407 -1.071521263303385e6
408 -1.0715186476075468e6
409 -1.0715180464620506e6
410 -1.0715102538945188e6
411 -1.0714940963590392e6
412 -1.0714948219508647e6
413 -1.071494995527984e6
