0 -1.0791927438952443e6
1 -1.0791931675403316e6
2 -1.0791936442906293e6
3 -1.0791527142395717e6
4 -1.0791453668238998e6
5 -1.079145674256876e6
6 -1.0791461639033682e6
7 -1.0791463550227166e6
8 -1.0791477144086454e6
9 -1.079147874267014e6
10 -1.0791481739753503e6
11 -1.0791487949076234e6
12 -1.0791494179389207e6
13 -1.0791496331537906e6
14 -1.0791499861142212e6
15 -1.0791502835736512e6
16 -1.0791504107960977e6
17 -1.0791507845906941e6
18 -1.0791511866701976e6
19 -1.0791513437946693e6
20 -1.0791516271949229e6
21 -1.0791520367591137e6
22 -1.0791535658943753e6
23 -1.0791472722270899e6
24 -1.0791474396280295e6
25 -1.07914784090216e6
26 -1.0791480044356254e6
27 -1.079148259775182e6
28 -1.07914854643966e6
29 -1.0791299612621595e6
30 -1.079130418370442e6
31 -1.0791306335829122e6
32 -1.0791313077582251e6
33 -1.079131645997137e6
34 -1.0791321782091227e6
35 -1.0791326421423852e6
36 -1.079132919471661e6
37 -1.0791278852623384e6
38 -1.0791186451535956e6
39 -1.0791195051042007e6
40 -1.0791197466526045e6
41 -1.079120546715018e6
42 -1.0791208406467005e6
43 -1.0791095793849097e6
44 -1.0791107888373844e6
45 -1.0791109590350278e6
46 -1.0790902132102195e6
47 -1.0790909728344698e6
48 -1.0790910967665927e6
49 -1.0790915089255888e6
50 -1.079091797552443e6
51 -1.0790921538895138e6
52 -1.0790881373087163e6
53 -1.0790884654052595e6
54 -1.079088833312241e6
55 -1.079076360504311e6
56 -1.07907681771373e6
57 -1.0790772415978932e6
58 -1.0790775587688284e6
59 -1.0790715966921253e6
60 -1.0790725552315465e6
61 -1.0790537299656004e6
62 -1.0790539342538486e6
63 -1.0790543858588848e6
64 -1.0790483486404659e6
65 -1.0790486612488022e6
66 -1.079048938648256e6
67 -1.0790440681477967e6
68 -1.0790445043914297e6
69 -1.0790395099004172e6
70 -1.0790399631672048e6
71 -1.0790401625232035e6
72 -1.0790420024091955e6
73 -1.0790424198246687e6
74 -1.0790373701583701e6
75 -1.0790378104434533e6
76 -1.0790380454073665e6
77 -1.0790385539368212e6
78 -1.0790388014702694e6
79 -1.0790391799499518e6
80 -1.0790394235731193e6
81 -1.0790398277132388e6
82 -1.0790400651615958e6
83 -1.0790284861895442e6
84 -1.079028736785301e6
85 -1.07902294924166e6
86 -1.0790129027271946e6
87 -1.079013128555163e6
88 -1.0790134175108497e6
89 -1.0790039544138368e6
90 -1.0789984812348264e6
91 -1.0789988986693036e6
92 -1.0789849108176606e6
93 -1.078985551562816e6
94 -1.0789858440340776e6
95 -1.0789861237800214e6
96 -1.0789059756498763e6
97 -1.0789061634021718e6
98 -1.078891282442315e6
99 -1.0788925043160138e6
100 -1.0788928270764865e6
101 -1.078893314297291e6
102 -1.0788937461490887e6
103 -1.078894017598093e6
104 -1.0788942679410668e6
105 -1.0788946815891706e6
106 -1.0788949521520007e6
107 -1.0788955610441791e6
108 -1.0788961824069761e6
109 -1.078896366953443e6
110 -1.078896692165805e6
111 -1.0788971028825305e6
112 -1.0788973536783257e6
113 -1.0788923407410262e6
114 -1.0788831746472646e6
115 -1.0788835205341103e6
116 -1.078883716639076e6
117 -1.0788738606130881e6
118 -1.078874218702344e6
119 -1.0788745632241913e6
120 -1.0788748344602385e6
121 -1.0788756583571546e6
122 -1.0788758772768741e6
123 -1.078876199560202e6
124 -1.0788765953926328e6
125 -1.0788730990130398e6
126 -1.0788734006996346e6
127 -1.078868671115015e6
128 -1.0788688650829832e6
129 -1.0788690009374975e6
130 -1.078869498172959e6
131 -1.0788699049750862e6
132 -1.0788702946404368e6
133 -1.0788524842749087e6
134 -1.078852739035741e6
135 -1.0788530662699472e6
136 -1.078853565396247e6
137 -1.0788492348299613e6
138 -1.078849633748374e6
139 -1.0788499317750807e6
140 -1.0788503362253064e6
141 -1.0788505364006688e6
142 -1.0788524427091824e6
143 -1.0788380250120936e6
144 -1.0788387643626826e6
145 -1.0788394268895267e6
146 -1.0788349580258501e6
147 -1.0788354060123959e6
148 -1.0788381987610639e6
149 -1.078838540249356e6
150 -1.0788387587673254e6
151 -1.0788391407679114e6
152 -1.078834030757652e6
153 -1.0788285784977092e6
154 -1.0788199020511499e6
155 -1.0788201903996905e6
156 -1.0788205642899564e6
157 -1.0788210319465413e6
158 -1.078821244104212e6
159 -1.0788215842417162e6
160 -1.0788170458358433e6
161 -1.0788173724783938e6
162 -1.0788176243142944e6
163 -1.0788178084322186e6
164 -1.0788181136064576e6
165 -1.0787998182080083e6
166 -1.0788001151979459e6
167 -1.0787916216665406e6
168 -1.078793424517937e6
169 -1.078793697034081e6
170 -1.0787892351044128e6
171 -1.0787895668371022e6
172 -1.078789875265039e6
173 -1.0787908360753683e6
174 -1.0787915168804214e6
175 -1.0787918521641493e6
176 -1.0787920778119564e6
177 -1.0787925430016196e6
178 -1.0787928607031412e6
179 -1.0787933136312622e6
180 -1.0787934940122145e6
181 -1.0787942247639755e6
182 -1.078794461589521e6
183 -1.0787947737161564e6
184 -1.0787961753109754e6
185 -1.0787963621447003e6
186 -1.0787965346435516e6
187 -1.0787918278134791e6
188 -1.078792248973832e6
189 -1.0787876320704704e6
190 -1.0787829304464785e6
191 -1.0787839792614745e6
192 -1.0787847769478736e6
193 -1.078772892234579e6
194 -1.07876523541136e6
195 -1.0787521555110558e6
196 -1.0787529453939958e6
197 -1.078753222958752e6
198 -1.0787534992862083e6
199 -1.078751463965144e6
200 -1.078753440962356e6
201 -1.0787536586712203e6
202 -1.0787539323558589e6
203 -1.0787542635776864e6
204 -1.0787545184142296e6
205 -1.0787502101178472e6
206 -1.0787504071845468e6
207 -1.0787507589453831e6
208 -1.078746121220584e6
209 -1.078746280739722e6
210 -1.0787418101028248e6
211 -1.0787380774296746e6
212 -1.0787384020936345e6
213 -1.0787408319836548e6
214 -1.078741220378755e6
215 -1.0787418515922502e6
216 -1.0787421159897274e6
217 -1.0787423190546744e6
218 -1.0787426422291226e6
219 -1.0787350946639117e6
220 -1.0787353898811445e6
221 -1.078735735362198e6
222 -1.078735951271879e6
223 -1.078736232530109e6
224 -1.0787266661426234e6
225 -1.07872301156824e6
226 -1.0787238907739338e6
227 -1.0787147016324643e6
228 -1.078714943989086e6
229 -1.0787157013116067e6
230 -1.0787132466391637e6
231 -1.0787137473572136e6
232 -1.0787143257653236e6
233 -1.0787146782536288e6
234 -1.0787149688355182e6
235 -1.0787108244970506e6
236 -1.0787110928032873e6
237 -1.0787114223820749e6
238 -1.0787119352290863e6
239 -1.0787122257923374e6
240 -1.0787125936627875e6
241 -1.0787140787649022e6
242 -1.0787108277836698e6
243 -1.0787114361071787e6
244 -1.0787130757716848e6
245 -1.0787090503995344e6
246 -1.078710239466556e6
247 -1.078710560756063e6
248 -1.0787108831340407e6
249 -1.0787119663258158e6
250 -1.0787122636081195e6
251 -1.0787079411763942e6
252 -1.0787040534735816e6
253 -1.0787002565167097e6
254 -1.0787004322600584e6
255 -1.078700636561179e6
256 -1.0787009734082674e6
257 -1.0786967929836665e6
258 -1.0786970509485556e6
259 -1.0786973912130347e6
260 -1.0787000327115757e6
261 -1.0787002543473775e6
262 -1.078665808013492e6
263 -1.0786660497365545e6
264 -1.0786663102548239e6
265 -1.078666644750423e6
266 -1.078667335556156e6
267 -1.0786676761410502e6
268 -1.0786683961763964e6
269 -1.0786685798815445e6
270 -1.0786686619173517e6
271 -1.0786653439759219e6
272 -1.0786656558026546e6
273 -1.0786683031464308e6
274 -1.0786686019671098e6
275 -1.0786689454498861e6
276 -1.078669116950397e6
277 -1.078665894498048e6
278 -1.078653091410649e6
279 -1.0786536245596935e6
280 -1.078654565087613e6
281 -1.0786513623286972e6
282 -1.078652042268977e6
283 -1.0786522836155668e6
284 -1.078652752437444e6
285 -1.0786497289455354e6
286 -1.078651355775517e6
287 -1.078651732207174e6
288 -1.0786520244981851e6
289 -1.078652573600658e6
290 -1.0786528515596744e6
291 -1.078653142240184e6
292 -1.0786534931335594e6
293 -1.0786538039087765e6
294 -1.0786553331720363e6
295 -1.0786556659369895e6
296 -1.0786559383246538e6
297 -1.078656399525919e6
298 -1.0786567129943673e6
299 -1.0786525327324881e6
300 -1.0786484076550244e6
301 -1.0786487053148965e6
302 -1.0786490566340704e6
303 -1.0786497422110727e6
304 -1.078650271038117e6
305 -1.0786504602006706e6
306 -1.0786507186160828e6
307 -1.0786466807544918e6
308 -1.0786469231553848e6
309 -1.0786477998953993e6
310 -1.0786480645967536e6
311 -1.0786446587033558e6
312 -1.0786449992731288e6
313 -1.0786453308545593e6
314 -1.0786455400688765e6
315 -1.0786470946064019e6
316 -1.0786472690128533e6
317 -1.0786475655920203e6
318 -1.0786478581073093e6
319 -1.078648433402823e6
320 -1.0786486105115851e6
321 -1.0786489452839196e6
322 -1.0786493130694237e6
323 -1.0786496807445653e6
324 -1.0786499509681496e6
325 -1.0786503230452817e6
326 -1.078650936220081e6
327 -1.0786513988383394e6
328 -1.078648167513304e6
329 -1.0786484297217831e6
330 -1.0786486962399185e6
331 -1.0786494659200823e6
332 -1.0786497540724194e6
333 -1.0786500671260706e6
334 -1.0786504837561504e6
335 -1.078650791631816e6
336 -1.0786512050468426e6
337 -1.0786515208228296e6
338 -1.0786518076128783e6
339 -1.0786520829182048e6
340 -1.078652383878101e6
341 -1.0786526083091367e6
342 -1.078652919848301e6
343 -1.0786532137687407e6
344 -1.0786537607944882e6
345 -1.0786539283372879e6
346 -1.078654327833392e6
347 -1.078655305360801e6
348 -1.0786554659451502e6
349 -1.0786333427328118e6
350 -1.0786258396420532e6
351 -1.0786194443106032e6
352 -1.0786196718790194e6
353 -1.0786199529152378e6
354 -1.078620155370177e6
355 -1.0786141019759742e6
356 -1.0786143446176636e6
357 -1.0786157599075378e6
358 -1.0786168772819338e6
359 -1.0786170832706247e6
360 -1.078597190266923e6
361 -1.0785980149360227e6
362 -1.0785983810282685e6
363 -1.0785991557266363e6
364 -1.0786003054008514e6
365 -1.078593070063239e6
366 -1.0785932843127265e6
367 -1.0785934699953995e6
368 -1.0785897287798948e6
369 -1.0785902565274178e6
370 -1.0785904493187538e6
371 -1.078579307671614e6
372 -1.0784331204150151e6
373 -1.0784333602533133e6
374 -1.0784317001107503e6
375 -1.078373715731044e6
376 -1.0783743376583687e6
377 -1.078374601950252e6
378 -1.0783707308140888e6
379 -1.078334243533796e6
380 -1.0783345076148342e6
381 -1.0783347349563246e6
382 -1.0783359212707318e6
383 -1.0783280897964393e6
384 -1.0783254987089683e6
385 -1.0783257683440405e6
386 -1.078326211847525e6
387 -1.0783224597065188e6
388 -1.0783227390714255e6
389 -1.0783135343077048e6
390 -1.078309920832293e6
391 -1.0783100786810422e6
392 -1.0783061992227873e6
393 -1.0783072108783708e6
394 -1.0783043170970706e6
395 -1.078306637869756e6
396 -1.0783069417572021e6
397 -1.0783072465098577e6
398 -1.0783079194982997e6
399 -1.0783085050511265e6
400 -1.0783087386636713e6
401 -1.0783091044467003e6
402 -1.078309423605552e6
403 -1.0783096631992527e6
404 -1.078309910658603e6
405 -1.0782971473329654e6
406 -1.0782973462068266e6
407 -1.0782976460762736e6
408 -1.0782979173808778e6
409 -1.0782893817696343e6
410 -1.0782860354234222e6
411 -1.0782868395531485e6
412 -1.0782870726592978e6
413 -1.0782879958891403e6
