0 -540210.9817541649 -540170.7744284577 -542650.7838825115 -541407.1370282669 -537803.2565640325 -540568.008319715 -541701.7476472424 -540464.6897141403 -539748.1568605659 -541247.3154150504
1 -540012.7136399561 -539953.276097201 -542438.6848098123 -541227.3428480644 -537620.2182899844 -540350.8087962375 -541507.7441005309 -540245.88120033 -539565.5821618107 -541043.5652305477
2 -539919.3581369044 -539848.5080759072 -542347.199849832 -541133.4632858778 -537525.5047809316 -540246.7070731915 -541416.5030938792 -540148.1615489415 -539486.828237381 -540960.6871773498
3 -539875.9643689094 -539798.6069589406 -542305.1279462597 -541088.0272858947 -537479.141113278 -540202.1120635883 -541374.7307248814 -540103.4490811226 -539448.61243719 -540924.7687019216
4 -539837.31159547 -539756.6736687984 -542273.5378932365 -541059.2660310038 -537448.3157441157 -540160.697638781 -541333.9155144996 -540067.3300265179 -539414.0910231419 -540895.3789485786
5 -539680.4461549347 -539615.3908580018 -542122.9714765672 -540897.0302074234 -537294.6975503502 -540002.096098634 -541221.1419856166 -539917.9858768914 -539271.228780282 -540771.5359086512
6 -539641.0968081171 -539556.9100201929 -542065.9574003194 -540859.2224515775 -537239.6953631757 -539956.3678511871 -541161.9269718595 -539859.9715824395 -539238.4624827772 -540723.8392582212
7 -539607.4978250092 -539534.3985082627 -542040.2459410101 -540839.7314742762 -537214.1739191457 -539928.9056598209 -541138.4667798802 -539837.1144975724 -539204.8517866414 -540702.4004672403
8 -539553.0950745393 -539462.1854905568 -541985.8652639262 -540783.018942348 -537146.7572505674 -539864.3978089599 -541078.7467236973 -539788.0989140815 -539161.0540194649 -540649.7005643849
9 -539475.0634610185 -539396.8193331339 -541914.3999022017 -540730.8274663934 -537068.5459189555 -539789.7499314691 -541030.8973788572 -539718.4999473682 -539100.3333823574 -540581.0063859918
10 -539458.4767471894 -539376.3806206957 -541890.0984296252 -540695.4637993252 -537042.7165366806 -539754.9531142765 -540993.5931090103 -539685.9470206953 -539076.8376606393 -540549.9760040995
11 -539446.8201275689 -539357.132164978 -541871.1272199702 -540680.6040237898 -537026.1620519622 -539735.5477334682 -540975.9153066997 -539678.6058233716 -539056.6921106479 -540532.221808007
12 -539433.7425605751 -539351.8804939368 -541861.4374234835 -540668.6799385664 -537019.1571015894 -539727.9897503282 -540969.5923468624 -539670.2132037904 -539047.9781002149 -540525.8672095651
13 -539415.5970869816 -539332.5746214452 -541849.5814734598 -540660.8919172355 -537005.0420909668 -539720.5572388893 -540954.7850950346 -539655.2146009067 -539036.1808526281 -540515.7509159509
14 -539385.9079989878 -539301.1894650997 -541817.8537277693 -540621.8750379707 -536971.4804729829 -539683.0698484629 -540921.7392569316 -539619.6007160005 -539004.6267788721 -540468.846170109
15 -539379.3410259201 -539295.3319521763 -541808.0913746321 -540614.2720632262 -536962.2913829281 -539674.9458425005 -540914.2445466486 -539610.3856557941 -538995.134702143 -540460.7099400285
16 -539376.6747108146 -539287.1771146739 -541804.889426491 -540611.6980561304 -536959.0594957258 -539665.3377648995 -540908.2700090336 -539606.8687559695 -538993.8588927529 -540454.5399477019
17 -539376.1085530675 -539280.9682283277 -541797.3657989332 -540606.4583234384 -536957.8368309233 -539664.2851533728 -540903.2421718367 -539600.3611598177 -538988.5927701892 -540453.8122530848
18 -539376.5861662161 -539270.0656250429 -541790.6601683113 -540608.8866494158 -536956.4720072105 -539657.5847222288 -540904.1542711649 -539587.3735917709 -538987.802121629 -540448.2900656981
19 -539375.864367854 -539267.2059774641 -541788.2009291963 -540606.5117690691 -536946.5406375239 -539652.967876858 -540895.0710378056 -539581.7258399283 -538980.8060394981 -540446.3128447613
20 -539364.2332162324 -539251.1149450485 -541776.4313150019 -540598.1227759526 -536928.765006756 -539645.7441302617 -540878.3222926741 -539562.6691079283 -538974.9062099302 -540437.6220425018
21 -539344.3786333764 -539241.7385044905 -541750.1061733887 -540578.5381675044 -536915.2254972411 -539623.5170781359 -540863.1182316286 -539549.8471376471 -538949.9808930458 -540427.5632753463
22 -539340.7822158631 -539239.9608612722 -541746.3882541743 -540576.6678137409 -536911.6456589742 -539623.6358667196 -540860.4602929158 -539546.1927935057 -538948.1366299063 -540426.5302615783
23 -539320.436685655 -539231.3070377503 -541732.3950843673 -540563.3913584035 -536896.2714402523 -539610.3263604564 -540844.576097107 -539529.1903004462 -538934.981971967 -540412.6169709996
24 -539312.3195543962 -539227.7584120115 -541723.3898561673 -540544.3986594008 -536877.5967523744 -539596.9249552006 -540831.2143567863 -539516.4646932874 -538914.9811581717 -540411.6137575477
25 -539293.5462277666 -539214.9819232123 -541703.2287362516 -540520.6931231623 -536861.0735215181 -539577.7211569741 -540809.0050713829 -539504.2842845519 -538897.8899202894 -540394.5427150958
26 -539286.4884996882 -539203.1534753356 -541696.9202580326 -540514.6784008002 -536861.6724899301 -539546.4927615707 -540790.4980239354 -539494.6828366928 -538876.5051216551 -540389.8451380875
27 -539276.8863780168 -539197.5482622719 -541672.2727719913 -540508.812316954 -536841.1290578916 -539535.7165452712 -540784.0193384378 -539488.3416742759 -538870.2043252494 -540358.39845086
28 -539267.8985290707 -539186.4950689797 -541662.29647749 -540498.4908117807 -536830.5257372768 -539528.6781167907 -540779.0553191871 -539477.4408206586 -538860.8649626157 -540347.7480316586
29 -539266.3184392864 -539189.6534455328 -541663.1279003519 -540498.6227962617 -536832.0122347691 -539529.5515833334 -540780.0492954318 -539479.2286154797 -538860.6242291806 -540349.2708873006
30 -539263.5030139601 -539184.7376066357 -541658.3728345012 -540496.5760915644 -536829.2961422501 -539523.3674569043 -540780.0883445444 -539476.9901911283 -538859.6575420459 -540349.8804106023
31 -539252.7957391321 -539168.6281973245 -541652.9343163102 -540493.7496628787 -536819.1118662894 -539520.1915953599 -540778.3641167828 -539476.8299107873 -538859.2360860712 -540332.6486826697
32 -539251.7010607511 -539163.9020981316 -541648.8242409186 -540493.9941088248 -536822.1701130171 -539524.3871493743 -540763.7551540907 -539464.2889595812 -538838.8148795492 -540330.5324741275
33 -539247.6350631501 -539166.8659366394 -541625.8279342738 -540472.7808889557 -536818.8068143867 -539504.9623490665 -540731.2958375927 -539464.7300411414 -538835.6512918721 -540326.5361323522
34 -539219.9405786794 -539130.4035645749 -541621.4201219799 -540450.1004270713 -536813.3027631819 -539468.1494643309 -540725.722920784 -539461.8167469695 -538835.2880236363 -540292.1883581148
35 -539216.3091291018 -539127.3235511321 -541619.7481996648 -540447.5474966166 -536774.2610738944 -539463.6764318179 -540716.8693139723 -539425.5498997523 -538800.5556131602 -540288.3556298567
36 -539210.725380445 -539118.3563236443 -541612.611040968 -540379.9284254687 -536768.8108187945 -539456.2738523196 -540710.069466884 -539421.5010589157 -538719.0582861376 -540279.2054650354
37 -539127.2247370931 -539062.902264646 -541512.5781099198 -540375.032141954 -536702.4855824055 -539341.5783572998 -540649.3162823165 -539423.8212729559 -538711.6434663313 -540201.0205027778
38 -539127.4840909576 -538951.5915746823 -541433.4428097231 -540306.40939599 -536601.8978122191 -539253.8856987383 -540521.4098213147 -539362.1481082893 -538710.2754008304 -540202.8593352804
39 -538954.1211389739 -538949.7090095556 -541433.1325896732 -540308.0530343592 -536604.1750932382 -539253.8803560464 -540518.6544457179 -539261.7054465798 -538683.3595546205 -540168.1538597811
40 -538902.7398292434 -538899.4954136169 -541390.9040339929 -540267.0488794001 -536564.990078305 -539203.9679631101 -540462.258095905 -539210.0494412247 -538591.5332706433 -540016.1079081846
41 -538870.7388729049 -538852.3512193154 -541352.2865492138 -540204.3535532678 -536521.0213532313 -539184.3411756724 -540408.4656366559 -539182.7794791666 -538595.0976683826 -539955.5201016448
42 -538851.7308084036 -538848.9748403052 -541325.539056841 -540201.8332233127 -536519.5821622512 -539122.328443045 -540377.1490358356 -539117.6385159718 -538580.2766852241 -539926.6194068904
43 -538848.2289460872 -538809.3533025923 -541320.8251042303 -540195.283041317 -536491.9435344425 -539114.7174229523 -540373.291446698 -539110.5685828209 -538524.3123601774 -539923.6073433578
44 -538844.3464322506 -538800.890824896 -541314.0475028096 -540152.3514143401 -536486.3007977125 -539111.6607319277 -540363.5994078629 -539109.2959823678 -538520.9039879034 -539915.8820396573
45 -538841.1567691914 -538796.5998484732 -541311.8705480464 -540152.1232659861 -536480.2706140819 -539100.3458428833 -540360.654582292 -539100.3651457425 -538520.7913919584 -539911.1047291752
46 -538836.395894062 -538792.9301387712 -541306.8538854972 -540148.4376932812 -536476.5099797114 -539098.6910268032 -540358.6719522608 -539095.0269147024 -538516.1358297497 -539908.5879635239
47 -538830.8040077067 -538789.01692446 -541297.2525306379 -540139.1985052417 -536471.4428454629 -539093.5401423069 -540348.1560438168 -539087.1670143139 -538498.0259579758 -539897.8373414497
48 -538827.5890424894 -538783.7185174611 -541293.8137740728 -540134.1164161016 -536461.5481450337 -539077.2542154888 -540344.3663937273 -539081.432378188 -538493.3265720011 -539895.3461412719
49 -538819.3977203241 -538774.0459177922 -541283.6468991931 -540129.7884426204 -536464.2059372056 -539064.4068851918 -540341.7436160434 -539073.3441762219 -538439.8129369358 -539891.7123344785
50 -538756.953514192 -538690.2043414332 -541186.0757149296 -540055.8971084582 -536348.5052557024 -538980.4516671351 -540237.3285658498 -539023.285909466 -538428.8186021216 -539801.6782460465
51 -538709.6471043329 -538686.6632327915 -541166.0891347642 -540021.8661258998 -536302.1326497516 -538938.5793370574 -540197.7008754222 -538980.0869408882 -538400.4245765393 -539757.1626229995
52 -538700.5932958561 -538628.8948442022 -541155.2526151299 -540012.4889306535 -536293.6682927606 -538929.0087454759 -540176.7983890885 -538963.4957013784 -538389.724456827 -539749.7605427352
53 -538682.0422367586 -538616.1740480171 -541131.992752021 -539993.8694766168 -536272.9501107829 -538909.1217629462 -540154.585232658 -538941.196723432 -538369.1099296035 -539738.1618986264
54 -538681.299869328 -538612.2989868496 -541125.1583600559 -539990.1955326768 -536266.0025815754 -538908.8600194377 -540147.0218209408 -538932.5147075005 -538367.4013595334 -539717.8791602866
55 -538668.3560644073 -538611.8892680197 -541099.2780695906 -539990.4932984002 -536263.4272067635 -538887.5901229017 -540146.1451198693 -538932.1669842415 -538351.3966482426 -539705.5368059594
56 -538644.0549652663 -538595.7487548226 -541096.884286969 -539953.4285627048 -536247.6069920689 -538873.5801746473 -540121.1263497742 -538927.0908723165 -538336.8837320828 -539703.4642419504
57 -538595.8190617315 -538552.835826366 -541081.1841018812 -539903.6765598108 -536211.9822919669 -538860.094435191 -540106.4008440224 -538902.8880994148 -538288.3030219666 -539659.8932517202
58 -538571.4579605308 -538546.9188472647 -541029.5745915622 -539880.6876383331 -536163.4840194621 -538822.7452247435 -540053.918017283 -538898.6858453641 -538287.345711132 -539632.5928664464
59 -538569.0424040242 -538544.6794762926 -541025.7449544724 -539876.5148153382 -536156.5235881028 -538818.9006515795 -540053.0073437716 -538867.8314786622 -538243.1198733533 -539633.7954069438
60 -538567.6228270006 -538541.1687615563 -540994.4989752722 -539875.0051042878 -536156.2024340951 -538814.53509492 -540046.243890259 -538865.4718279673 -538214.773973222 -539626.3986277427
61 -538561.2373915437 -538533.344216993 -540991.5564846927 -539872.09757935 -536152.8024054783 -538804.3640748404 -540044.6454893468 -538790.1123031161 -538212.098762906 -539627.2775284911
62 -538559.8890788087 -538495.0198055215 -540990.1695764777 -539870.019623785 -536104.7012845067 -538739.95978364 -540040.4469421604 -538755.4002260963 -538203.154218745 -539629.7193570669
63 -538518.7028319283 -538387.0708955207 -540990.6598419782 -539820.6099135401 -536097.3062683346 -538731.4990677398 -540000.1997149282 -538748.4546699121 -538189.7906212925 -539566.02411132
64 -538520.5969540941 -538366.3052159029 -540985.1440097541 -539814.8911089672 -536094.5270263292 -538716.1198179089 -539996.6526698902 -538746.8554734071 -538188.4526024386 -539552.3791763837
65 -538516.7176559734 -538364.0613426245 -540984.2220043391 -539783.5375917307 -536091.1021168238 -538716.9750409351 -539998.2804689363 -538727.1603556005 -538188.0199355272 -539548.7139282041
66 -538497.8968488215 -538355.3589904694 -540978.367670514 -539780.3714939803 -536091.665423637 -538716.5445384274 -539993.2112089565 -538706.2620532181 -538159.3788974395 -539519.5584170477
67 -538469.451390824 -538352.4330683973 -540954.8897828588 -539779.9739752915 -536055.3333102433 -538714.6724898962 -539991.2985880026 -538701.1311241052 -538159.6951206004 -539481.5586826731
68 -538470.2699861985 -538324.7683107965 -540952.4399385257 -539782.943813345 -536049.7043775845 -538704.4585976235 -539946.623079147 -538696.5588712314 -538133.5579544245 -539471.729331692
69 -538461.5537474407 -538310.2592590797 -540940.0374913611 -539740.705132449 -536036.5782239784 -538659.632594481 -539933.9441817706 -538684.89850921 -538130.4227933373 -539469.9330916528
70 -538457.1446531367 -538307.5199744997 -540938.8915892356 -539730.2201232584 -535993.6648333761 -538652.6226977382 -539896.3523401059 -538683.3123944127 -538121.2783444372 -539468.8792804787
71 -538442.1022333448 -538304.8449101141 -540892.8043715872 -539728.5307528358 -535970.8250334524 -538632.3417284245 -539855.1363783467 -538681.1029443294 -538120.4823523394 -539455.1090733423
72 -538439.7569869407 -538302.1484399941 -540836.8033642413 -539668.3626929228 -535968.8523706831 -538631.6037576948 -539830.740077439 -538622.6427013383 -538112.1258684855 -539442.7808081792
73 -538373.2411166003 -538283.7504378938 -540834.7775038434 -539637.9556779803 -535962.3895468791 -538613.7679689282 -539813.3457849274 -538621.3166437894 -538111.6139220794 -539375.8327245644
74 -538373.1420936453 -538214.7718593411 -540804.7237467793 -539637.2928757891 -535886.9567564667 -538549.6962371115 -539807.1711872413 -538587.7369504333 -538041.8093970561 -539376.8708104773
75 -538369.1725884934 -538168.2611018837 -540754.3467277109 -539591.5115010394 -535884.737044281 -538505.7117530059 -539806.9132772291 -538545.9547877873 -537980.6257494667 -539380.6144152251
76 -538315.1419399014 -538165.6631974231 -540754.8816909103 -539589.7559514847 -535822.432361726 -538503.4015421588 -539807.9171461102 -538543.3683729547 -537980.3839087801 -539319.6220364341
77 -538313.2986991846 -538165.2944505663 -540753.6624630268 -539587.1613587476 -535824.5000900353 -538502.0898617279 -539748.699756436 -538543.8467564846 -537980.6061669783 -539317.5987329793
78 -538314.1522535941 -538163.854282774 -540721.2301263806 -539587.7770159275 -535817.2049221636 -538501.0045516078 -539748.6775645341 -538543.7498396486 -537980.0399296586 -539318.6514684302
79 -538314.6355432564 -538163.5708430284 -540720.5424795756 -539585.4770455821 -535815.0449176717 -538502.0025127863 -539742.2286663088 -538543.5841000266 -537973.5298278404 -539309.5746141511
80 -538313.7998098861 -538161.3897458999 -540713.740708785 -539584.8085194944 -535766.35893869 -538500.1957220586 -539738.1478252963 -538538.7235866701 -537973.5104610006 -539310.4658674023
81 -538313.3723240404 -538118.1588477794 -540715.0522737516 -539576.9134547142 -535767.0940652768 -538498.6891729481 -539736.3285843167 -538529.6120411234 -537931.3771221621 -539300.9494438309
82 -538308.5317631369 -538110.2762976481 -540713.0603020478 -539520.3068839462 -535766.7022287934 -538498.9967254049 -539721.342183218 -538528.8340473688 -537921.8570232248 -539294.427924532
83 -538298.3549235824 -538100.6974806231 -540713.0130139515 -539501.1065304219 -535741.2154470033 -538484.2611424385 -539720.0724363122 -538525.4991059324 -537922.3562886053 -539279.2699098684
84 -538243.4926977314 -538096.6388512083 -540686.809674653 -539485.9347310592 -535729.4590403954 -538425.3931041658 -539710.7565828155 -538510.359338863 -537911.606468896 -539278.1886325751
85 -538238.9488150349 -538075.1434663476 -540601.1127921725 -539471.7409864616 -535725.3202592332 -538412.4650183924 -539649.1752227556 -538445.613873648 -537907.142356913 -539279.8030042348
86 -538231.5393398297 -538069.0133455428 -540595.7972117664 -539466.3459158619 -535711.4431157901 -538394.3878571049 -539647.7441638489 -538331.8148418975 -537831.6868069773 -539214.0997189112
87 -538206.1006620323 -538049.987255804 -540579.4744073971 -539370.5464572174 -535622.6658656818 -538287.3098487499 -539649.815036979 -538315.7240671607 -537830.2799343683 -539149.976893528
88 -538100.9841107172 -538050.6154663989 -540559.9037435754 -539354.0845133241 -535608.262209106 -538267.2461183605 -539556.5712671847 -538316.1748722884 -537800.4765536162 -539134.4608994313
89 -538095.1927296084 -537903.8695963745 -540556.7305489448 -539356.3374214827 -535609.5593426146 -538265.4484991012 -539555.1280680143 -538272.9629226563 -537797.7569298812 -539133.7880509195
90 -538085.301505794 -537902.693621545 -540551.8120340116 -539351.9714735324 -535607.1311170554 -538265.6498132353 -539555.4838426176 -538271.8611649114 -537798.0412490002 -539131.4805497417
91 -538086.3267925741 -537900.440258428 -540548.3382487345 -539342.6095058797 -535599.3991743685 -538253.6858388786 -539545.758874486 -538264.2486019353 -537793.9786146639 -539129.3340704184
92 -538078.6130045713 -537897.1884008031 -540546.9428523374 -539343.8426214793 -535598.1941165604 -538244.5390704849 -539547.0031819113 -538266.1460634264 -537791.4358137832 -539123.7227764581
93 -538075.2473704198 -537884.8716148388 -540548.5495551294 -539332.8120778064 -535599.4210852899 -538242.1372603597 -539548.451865738 -538252.0491177805 -537783.8919220344 -539123.6734631013
94 -538077.7483702519 -537848.375633568 -540549.0317177239 -539326.8440403922 -535599.147836598 -538214.5581467431 -539515.0290454456 -538250.9275381044 -537784.3517021392 -539123.8891717087
95 -538075.2977543727 -537847.5409004805 -540546.9584162477 -539323.794512635 -535583.4380420237 -538209.3423700896 -539510.9620582308 -538245.0889331107 -537770.957613292 -539111.766094706
96 -538075.3106875799 -537836.5454299498 -540545.2739213072 -539285.8700708251 -535582.8493813304 -538182.4242335861 -539480.6843722779 -538201.1407675467 -537732.7190428129 -539107.0852686004
97 -538035.8570108602 -537801.4113528095 -540535.8370859558 -539285.4250521944 -535544.8880745785 -538180.7293120825 -539469.6768486871 -538183.932974901 -537724.2828873554 -539082.79831402
98 -538024.5125733003 -537793.4564825997 -540491.8275765791 -539253.5299793466 -535544.8780475298 -538179.8608773861 -539468.6826466881 -538147.2829821755 -537723.3390344449 -539068.9257462653
99 -538017.457322118 -537773.8420683488 -540441.0225723577 -539252.4214226435 -535539.167560122 -538176.7651675231 -539461.4408813965 -538141.8435409558 -537664.8691713777 -539062.7449171579
100 -538015.7223004012 -537771.8383552158 -540440.9115193718 -539251.7671470905 -535523.9277893972 -538161.0156521511 -539462.1934711505 -538142.0599467307 -537655.8406561527 -539015.7994284872
101 -538011.4153256002 -537758.2825025809 -540372.6719417542 -539249.9463933206 -535519.6864728996 -538161.8285544182 -539444.9398024415 -538139.6172788836 -537646.9404814611 -539002.5172929625
102 -537956.9849708719 -537746.9764989339 -540370.2678705736 -539249.0902474279 -535518.086644676 -538147.2488445814 -539440.1198631228 -538126.5099926754 -537646.3556934616 -539003.4786932957
103 -537947.4857591154 -537687.9659907875 -540358.3218754164 -539199.1977694619 -535517.1561604606 -538138.9227942163 -539393.2619049349 -538128.3292124821 -537645.1313284368 -539003.8305741083
104 -537946.4213414894 -537687.5444166079 -540356.4179720997 -539187.0352164882 -535448.7923968153 -538110.2268225384 -539387.5482035055 -538120.4993488087 -537640.2331095833 -538934.4992899073
105 -537892.0800089836 -537678.4465591277 -540354.3862412007 -539174.269738991 -535434.484444479 -538111.4791910083 -539387.8413047453 -538060.1278291799 -537640.7784870013 -538907.4931894325
106 -537861.4829986852 -537677.0920983248 -540347.036338201 -539173.4973503053 -535437.7715304826 -538112.4213128847 -539382.9994005244 -538064.0689678997 -537608.3252856873 -538899.4029436733
107 -537861.9666739291 -537679.292857462 -540340.4808315285 -539175.6020468727 -535378.130016039 -538098.7250300755 -539379.932205444 -538064.1421489579 -537601.5775898925 -538900.440556698
108 -537852.1049651591 -537669.5182750213 -540342.2273422248 -539178.1668521978 -535348.4205342411 -538089.1004965922 -539379.5486084189 -538065.4243569844 -537601.8075725161 -538899.4358468615
109 -537853.0268451107 -537671.6793632719 -540341.0986877234 -539180.3204734246 -535350.213072035 -538076.4695039425 -539381.4492153877 -538067.2266460086 -537533.3489869538 -538886.0027715628
110 -537852.7150636087 -537670.800284196 -540341.4761803299 -539179.2551581156 -535339.6781593142 -538074.9028260467 -539381.7957858343 -538065.5267061342 -537532.6434953384 -538882.0745314423
111 -537852.142181654 -537670.6882611758 -540295.9759726638 -539166.527441263 -535340.61997335 -538073.942062297 -539383.2717139588 -538066.2902067564 -537522.993837619 -538881.7523657857
112 -537852.9575940317 -537658.0541235335 -540296.9700709771 -539155.3252671266 -535324.3707405368 -538060.4602255198 -539382.8995161077 -538054.0304333793 -537522.1067132251 -538881.6272531189
113 -537852.023430636 -537661.2587370065 -540270.045446167 -539155.5343436919 -535324.9840068816 -538060.7255002406 -539378.5339939214 -538053.0543900031 -537520.3892069501 -538863.413754506
114 -537836.855888899 -537660.7893157417 -540268.9827596523 -539136.1170507822 -535326.4463330496 -537964.1766097997 -539322.08962775 -538006.5896185082 -537500.3648855267 -538842.2512046027
115 -537828.5941700281 -537663.3306789862 -540263.4922918204 -539134.8877295362 -535291.2509033633 -537963.7747614629 -539319.0013398781 -537986.6263952975 -537462.4516814544 -538833.96955637
116 -537810.0521020899 -537662.8781601584 -540244.8712325984 -539130.557536311 -535241.0005761035 -537930.6229864673 -539305.0000267606 -537950.2088952214 -537462.2968878574 -538833.137440714
117 -537781.0032400158 -537640.976782915 -540229.5165189898 -539085.2014486636 -535239.9417227667 -537929.8529136931 -539299.1088980852 -537922.8872433571 -537463.0297169161 -538834.024666249
118 -537779.8191201177 -537580.4010685179 -540188.3787723765 -539023.96917511 -535240.1678596665 -537924.8001507974 -539298.2250501348 -537869.9286966613 -537462.2810121926 -538833.1454448067
119 -537719.4347458172 -537573.2110674926 -540188.616053935 -539024.050049402 -535241.4695196783 -537878.6407578341 -539299.9642975212 -537869.4569549859 -537431.0657986667 -538833.8113073709
120 -537717.1974848341 -537554.4432180608 -540188.6582896344 -539025.0269561174 -535233.3298441805 -537879.8003091834 -539278.4287060506 -537868.8802063719 -537432.1008814134 -538816.8856722176
121 -537717.9573194989 -537546.9024850839 -540120.8629026886 -538981.1576302651 -535209.3399687482 -537871.3865039479 -539279.1070872596 -537849.6131797886 -537435.9735897217 -538750.5809938107
122 -537717.4701505679 -537498.9352982766 -540078.5134833099 -538982.1139380599 -535192.7725155375 -537832.4767757909 -539203.9111930795 -537803.4243332676 -537375.945652738 -538747.347286125
123 -537706.0003722332 -537497.8010588896 -540078.9349071581 -538963.467940843 -535184.5326680664 -537832.8996411401 -539191.1274663175 -537804.0086585237 -537374.3565858419 -538691.6843616863
124 -537706.7859230186 -537498.8345731939 -540076.3889338181 -538950.75758935 -535184.0587417708 -537811.8488705397 -539131.892874829 -537791.2253792924 -537375.7872082024 -538689.4467169392
125 -537640.899332958 -537499.4857468242 -540077.0817617076 -538949.461440289 -535136.168995315 -537810.461499084 -539080.4454642937 -537774.8743350515 -537375.6004474936 -538675.3328849258
126 -537640.2945038124 -537434.9766381065 -540063.3100609465 -538896.2139809724 -535125.4824716365 -537806.4765844662 -539045.4402265946 -537775.1642002158 -537374.2384486159 -538623.367988941
127 -537578.702665359 -537419.583618366 -540050.1361348825 -538893.0812315922 -535125.4774679859 -537717.5520236572 -539040.0315419375 -537774.2398400286 -537361.9660339567 -538618.5887968339
128 -537572.1508620585 -537414.8462581128 -540042.6870311436 -538875.5747362671 -535119.4155476517 -537717.9496793011 -538978.5678134998 -537770.23318532 -537363.1576264586 -538613.3834655776
129 -537551.634766526 -537411.5788081159 -540038.7474640933 -538864.8707522897 -535113.3518066541 -537708.5520483777 -538974.3761359877 -537770.2423469883 -537358.9424018676 -538614.4218381344
130 -537540.8767690652 -537354.9269918327 -540002.4986553662 -538863.3247487529 -535090.0037121663 -537711.8892456677 -538971.1076780324 -537742.9010342039 -537336.1184037155 -538557.4008880219
131 -537510.140213829 -537349.208992918 -539999.1201187164 -538859.9140971587 -535020.6265860707 -537690.438840371 -538969.4911718972 -537739.1054260175 -537274.1980443652 -538558.5627715592
132 -537507.6370408802 -537331.0839504161 -539979.4593443228 -538859.2897833629 -535020.7430031887 -537688.1306201328 -538951.185657552 -537738.023593135 -537264.3374480923 -538557.2640127339
133 -537507.4732914942 -537328.6371839 -539967.713075506 -538858.8400123194 -535004.9468177415 -537685.1777149595 -538935.5617040743 -537727.3008693875 -537232.4992176767 -538558.9072440917
134 -537500.8409281713 -537329.6793543437 -539948.2607146797 -538842.4382498909 -534997.9290348936 -537664.8152570205 -538926.4651785435 -537719.9946508524 -537232.6885203538 -538555.5563806249
135 -537501.5231116663 -537305.6901474836 -539948.933215002 -538801.1992389493 -534981.1643142065 -537665.7940857752 -538926.0489251686 -537703.2577919916 -537232.0276188971 -538550.446226815
136 -537500.2697466734 -537281.2948633229 -539948.7716696223 -538802.0513575722 -534969.0911963847 -537662.2788917643 -538926.353742291 -537693.9929182439 -537210.0910568105 -538519.4756378129
137 -537473.8536682101 -537280.3908374881 -539947.9058512554 -538781.5618186712 -534967.8741946128 -537616.3447615437 -538923.1198633813 -537694.5380832185 -537199.6078207707 -538501.9592445891
138 -537470.8059040059 -537275.9372830032 -539945.1433940334 -538769.3878308132 -534967.4916529502 -537589.6056172675 -538919.6296276958 -537666.9732887298 -537166.6745018172 -538499.722822768
139 -537455.5761405104 -537272.7737233673 -539918.9744426198 -538759.4607382459 -534964.5539038633 -537556.3475887885 -538864.723095063 -537640.3091479319 -537156.8310560411 -538496.775722373
140 -537444.6520134798 -537274.4910735504 -539911.8285048957 -538724.6027943545 -534950.9981314999 -537556.4834847599 -538846.5770057014 -537644.397391746 -537142.9275585313 -538490.1770909161
141 -537405.8366630387 -537256.2717452013 -539900.2680210262 -538703.5384734244 -534951.698304163 -537543.8122719396 -538831.5190313277 -537637.0182756194 -537133.6003785318 -538487.6147407892
142 -537382.6320566589 -537228.3350715889 -539900.6015639075 -538702.973927388 -534922.7461785356 -537538.6205036762 -538829.1708288385 -537629.9267628874 -537105.4553013463 -538480.1933445139
143 -537383.6670009377 -537229.7424249996 -539899.5637181049 -538696.0638369382 -534921.4004527397 -537521.8308576546 -538822.2795062071 -537628.0225996983 -537106.2309985596 -538435.3718489942
144 -537374.3966701413 -537228.3069695758 -539895.7914967905 -538687.5205193385 -534920.8275008879 -537520.2270054017 -538778.5727219081 -537617.329274605 -537060.3078704791 -538425.4387810086
145 -537374.2634143466 -537216.8459147597 -539875.4448053435 -538680.7132547435 -534913.6135150467 -537508.9463112275 -538778.8667303029 -537589.8486228127 -537059.6270074572 -538395.5191549675
146 -537374.4957350311 -537208.0968921571 -539866.7682754288 -538678.3805666087 -534912.3316986447 -537508.412208686 -538766.8942116302 -537583.7856629526 -537049.1783416462 -538395.5233405556
147 -537369.0676553745 -537207.0702747784 -539866.0904909943 -538677.6488227793 -534892.2709097653 -537504.9259185854 -538764.14060591 -537586.7335536081 -537043.6121425282 -538396.9518257701
148 -537370.5358780758 -537205.552287986 -539830.5697074116 -538664.0395597157 -534891.4183334742 -537505.5873321921 -538762.4778057081 -537587.465959098 -537043.6022148358 -538396.4282273749
149 -537361.0778993675 -537206.2781049705 -539825.6233123438 -538656.7482188843 -534890.2778555669 -537504.8328831558 -538761.7865578929 -537589.1194282041 -537043.3443316903 -538395.8739278571
150 -537361.432643143 -537202.0320756712 -539824.7101783449 -538656.5338177485 -534886.0274993763 -537505.0271817821 -538759.1757228216 -537577.3049410509 -537035.2188088024 -538394.5340932789
151 -537360.5285209516 -537201.995809935 -539820.5423261658 -538645.914065094 -534886.5766233131 -537502.7823676732 -538758.3524972379 -537567.602827419 -537029.6623111843 -538385.4917266322
152 -537350.9448245487 -537197.2937786365 -539807.3734705958 -538645.2930321719 -534889.6140311335 -537490.3004229809 -538754.2990110856 -537562.8427505798 -537026.4914897154 -538381.741927788
153 -537348.8746207011 -537173.7869529468 -539803.5585680248 -538640.6290187282 -534876.2214347977 -537488.3289488158 -538752.2127285382 -537561.2034305122 -537026.9128986129 -538367.7384972994
154 -537332.5589732039 -537112.1607962215 -539803.6068191902 -538639.6051410735 -534857.3829865702 -537438.8676009919 -538749.324032379 -537561.6639234631 -537004.7100844632 -538361.0133011582
155 -537314.4841464951 -537110.6287098601 -539802.1365182411 -538638.7371723694 -534850.7575829575 -537430.20304653 -538749.5529197507 -537561.6052915899 -537004.6417616297 -538355.8727015497
156 -537307.2706851815 -537089.1933181067 -539780.3614479839 -538639.5103174723 -534846.5219007662 -537420.3072724532 -538738.4534660032 -537555.2145779431 -537003.9234884743 -538355.5173761894
157 -537296.7193626771 -537088.8551382825 -539771.107985168 -538640.5600729017 -534847.5435722002 -537411.0878965802 -538740.8995201585 -537554.0495382127 -536996.7626704667 -538356.623226373
158 -537295.5516819004 -537089.5974788334 -539766.3961985717 -538630.2361570678 -534846.5991533004 -537405.4371429577 -538745.5696944951 -537552.960689961 -536990.1129780365 -538355.6777925058
159 -537288.699856403 -537071.9357305097 -539758.0869491132 -538623.7103685578 -534836.5689116099 -537404.3762963978 -538742.4081081679 -537552.8193098481 -536990.540684302 -538345.4523163944
160 -537288.7081420334 -537071.1711939513 -539757.6900644468 -538617.6477859917 -534837.553479708 -537401.0272304201 -538739.3585830542 -537518.3922044139 -536987.2441582668 -538327.5831042769
161 -537283.7142619517 -537072.3625726883 -539758.3031617888 -538611.3707708123 -534804.139649326 -537400.5730288572 -538739.3106769439 -537519.4474199619 -536986.6663016505 -538327.7334316927
162 -537286.0238687763 -537069.9421902429 -539760.302361274 -538593.8488266529 -534800.3159033372 -537391.8942393735 -538735.0375580684 -537516.140866348 -536985.8853478617 -538324.8198363667
163 -537270.3362054131 -537037.4722109694 -539760.6613645642 -538595.9642910524 -534799.8839611716 -537382.8660754818 -538734.5363382127 -537506.410303682 -536985.1128983529 -538318.2205779601
164 -537272.0166493484 -537021.9882062129 -539756.9839297388 -538595.35591365 -534795.7841292107 -537341.6840997249 -538736.0300525536 -537490.4257657 -536980.9276347163 -538315.8117771946
165 -537271.9350775396 -537015.1424582049 -539750.6292844298 -538596.5392685749 -534796.8207980022 -537340.5130700746 -538733.4447205276 -537482.5301583998 -536972.0886373818 -538300.7628379725
166 -537264.6385771682 -537009.8926304848 -539737.1390461752 -538599.0101553448 -534782.7914062534 -537339.0378842531 -538720.7952297442 -537476.8360366803 -536971.125929227 -538296.7354391111
167 -537235.2705673615 -537002.9046258498 -539737.6453612028 -538600.6195095682 -534771.7933558063 -537331.2404465012 -538716.1372775057 -537465.1927110495 -536964.7117592803 -538295.9638755773
168 -537228.7662181892 -536994.5838579539 -539738.5109780158 -538593.7285281061 -534770.7998275075 -537335.4473249204 -538672.8228491191 -537457.4553923201 -536964.1564772313 -538295.3180912696
169 -537227.9689240973 -536981.0808427373 -539733.6933447975 -538582.2903813947 -534769.893255861 -537320.8156430887 -538671.374687511 -537456.5388937474 -536954.554179982 -538299.1785065746
170 -537219.1097135358 -536981.6658799251 -539722.6926966341 -538582.3266574335 -534759.3622533934 -537308.7883466778 -538658.0156827266 -537457.1153187276 -536955.9307501416 -538298.4589786455
171 -537219.7237220233 -536980.49588123 -539713.765079721 -538580.5981146599 -534756.4991595577 -537304.1600752063 -538660.176432288 -537457.053205875 -536945.9500786937 -538302.3443941544
172 -537200.9804609828 -536948.9764752127 -539713.1265458495 -538574.8518908492 -534748.8922376577 -537303.9884556012 -538659.9386775367 -537452.6192229316 -536941.9763075116 -538293.5121252061
173 -537201.2354860734 -536940.6121471423 -539703.6811245747 -538556.6043685793 -534706.9779649206 -537286.8116039765 -538642.2472967085 -537446.7495753852 -536899.4633977932 -538279.0205511077
174 -537198.1614672014 -536937.5189988244 -539653.4542269466 -538537.9528466949 -534704.0691790921 -537244.0904915904 -538642.8240383695 -537447.087930032 -536889.915557468 -538278.1758101734
175 -537196.753788909 -536936.5793885149 -539652.256818033 -538526.6636669495 -534702.1997649332 -537244.5023676811 -538639.8650330605 -537447.3167134335 -536883.4955020346 -538256.6365813897
176 -537189.1137916867 -536930.4324756078 -539639.0898771761 -538527.0162738875 -534702.4285369683 -537245.3450972084 -538636.0519143486 -537443.1084319123 -536871.318265714 -538238.3265484949
177 -537178.3707050715 -536926.7389915726 -539639.5369672072 -538514.0942784759 -534684.7152233574 -537230.1024414868 -538635.9957885384 -537423.8305799906 -536872.0773476859 -538195.9449254787
178 -537164.3058457307 -536925.5559742047 -539614.3118472984 -538511.5135545682 -534678.8007830976 -537225.9447937645 -538637.0065064095 -537424.4241396335 -536870.7956319364 -538196.5993118462
179 -537157.125560269 -536922.6403894634 -539613.8179718637 -538512.0001824964 -534651.0732517578 -537220.7067689229 -538635.7774114339 -537414.3638932642 -536842.3458048797 -538196.9139981417
180 -537154.7081469208 -536922.5508265647 -539608.1702551794 -538512.2635310246 -534622.214648562 -537221.766331254 -538636.9278327702 -537409.8340305234 -536842.2642323978 -538187.7200869601
181 -537128.2649987697 -536923.6291841046 -539604.0920849802 -538512.6236563001 -534608.1765336136 -537221.0680991067 -538626.7052888388 -537406.7720729308 -536841.9825492678 -538180.4530737079
182 -537120.8458180241 -536926.0018513161 -539599.9769888178 -538512.9634113049 -534608.8499359167 -537211.0318686815 -538616.4475677641 -537407.6084493276 -536840.688473532 -538162.0368984246
183 -537122.997748276 -536920.0251699465 -539567.5190807071 -538513.7774325963 -534608.2268864079 -537210.3559872707 -538615.6797975177 -537397.2330836537 -536839.1833222321 -538163.7359456798
184 -537124.109391028 -536920.0967898181 -539537.5513246623 -538446.9442579969 -534595.1505693202 -537206.9692488675 -538606.437195371 -537382.0940544811 -536838.8896240839 -538153.6504230145
185 -537118.1294637539 -536920.6677959147 -539538.4349633984 -538442.1358535371 -534594.1322076463 -537202.8310331462 -538602.3921808018 -537348.9028379314 -536839.0856366847 -538150.3335010633
186 -537114.1273361006 -536915.3890249296 -539527.546994527 -538441.1929823307 -534593.8731574347 -537203.4409710746 -538602.0418740931 -537348.2570650124 -536833.5447235644 -538150.6807344868
187 -537085.5004317989 -536896.7261457895 -539525.695182436 -538439.8272163407 -534575.0495541207 -537203.7845980544 -538584.6265284502 -537342.8339578205 -536800.9806418708 -538150.5544395882
188 -537080.834208197 -536894.3461852702 -539525.0782594299 -538430.1162996574 -534575.2481403993 -537204.0901932602 -538583.7392938159 -537336.6511875906 -536758.147121903 -538146.1967817699
189 -537080.0115323334 -536871.2777412266 -539528.9020717359 -538394.4040137734 -534573.643771282 -537204.6766038253 -538583.4229891993 -537336.3533539821 -536755.0422439746 -538146.2016498931
190 -537068.7048773312 -536871.1954084509 -539529.7354292247 -538359.6165041514 -534572.2523359861 -537199.5495840117 -538582.555880287 -537335.4945502037 -536736.4466295158 -538146.1275580216
191 -537066.0733594978 -536827.6852784733 -539515.236106576 -538357.6349615587 -534563.5265234765 -537199.5093003021 -538584.1941624051 -537320.1133955042 -536736.4772330194 -538131.7448715029
192 -537028.1857919381 -536828.48635187 -539486.5397296373 -538351.0320815586 -534563.6583223578 -537187.4041977851 -538583.194532633 -537277.5840380798 -536741.3256721603 -538134.8952294849
193 -537009.379073699 -536825.9221815353 -539486.1942452816 -538330.8100820569 -534560.1325980187 -537169.8854324571 -538583.2737377079 -537278.4407040406 -536741.591903802 -538135.0059708131
194 -537008.60406912 -536816.9012527248 -539445.1947535896 -538314.1883014797 -534528.7209708856 -537169.4928197016 -538542.5415071428 -537278.0736705939 -536740.970842448 -538073.279074471
195 -536945.3789034078 -536814.9742983282 -539444.463717872 -538311.7165145015 -534528.7827365709 -537167.3209101413 -538464.2474752308 -537276.2600551631 -536734.0653550436 -538071.0601031808
196 -536942.9002450142 -536812.6143294908 -539436.1365342145 -538313.1596277821 -534529.6141955068 -537165.7676627468 -538409.8488016836 -537274.0083912376 -536736.5479372925 -538073.5543080652
197 -536942.3255997957 -536811.639945412 -539436.1196384135 -538314.1355602236 -534530.1953286058 -537165.0639016175 -538407.5291781537 -537185.7422864216 -536726.344968172 -538049.159511228
198 -536943.3126273277 -536739.2449065791 -539435.5962126625 -538275.9132781131 -534519.5874456756 -537162.9443733861 -538408.5872090355 -537187.7243468195 -536726.8921950652 -538047.0715143264
199 -536942.1648275489 -536737.9239236863 -539436.0035170608 -538275.0922032641 -534521.690450239 -537113.0841040941 -538363.132373125 -537153.5184911008 -536726.8329195427 -538044.0971470698
200 -536943.4341004158 -536734.156653205 -539432.7554430873 -538273.4292059501 -534523.0997138871 -537087.9585934264 -538363.8861135738 -537153.8372898934 -536723.87527494 -538039.2810547408
201 -536944.2175953023 -536737.3669621137 -539428.8914711445 -538272.3970709336 -534435.4344869794 -537047.7151807739 -538362.5096652817 -537155.6688293288 -536718.9009189268 -538039.0242869759
202 -536942.9783706197 -536739.5531660437 -539427.5323132072 -538272.5038352495 -534436.4705556706 -537043.0468809614 -538367.3574985458 -537151.0904318672 -536719.2140037005 -538035.8738072123
203 -536943.0984175841 -536740.5427360274 -539345.1313400997 -538264.5602105826 -534434.7183269891 -537040.2137036251 -538328.6086647774 -537149.6367231343 -536719.8263558247 -538033.8857616608
204 -536939.0697106891 -536735.9875432737 -539345.8874502769 -538262.0026476302 -534431.6888522471 -537040.4145565722 -538329.7825832029 -537146.5691541564 -536677.4207249156 -538028.8603476878
205 -536938.0499855913 -536732.5229055362 -539345.5196989956 -538254.5302600856 -534433.0333270265 -537039.0982895566 -538327.905807649 -537143.2703267029 -536675.298970159 -538027.543163615
206 -536916.4456282326 -536727.9857201829 -539344.9087991667 -538251.402467326 -534429.5345153067 -536939.2845293016 -538324.548600827 -537142.4441742143 -536654.8456993861 -538026.357502644
207 -536917.058965947 -536726.6871227105 -539335.2001224351 -538231.5009407268 -534427.978789717 -536939.7396993425 -538321.8456775737 -537142.5284283365 -536655.7715147411 -538011.9566483765
208 -536917.0636925515 -536727.3604418413 -539336.400371873 -538232.3845703482 -534422.2995450624 -536939.7718738909 -538319.0986068225 -537137.691061568 -536650.9546438232 -538012.2245262954
209 -536902.3125199577 -536727.8778236532 -539337.340480209 -538228.0355530013 -534420.7259367235 -536915.322038529 -538319.7366114053 -537136.6669672927 -536644.4653034239 -538005.1078129702
210 -536901.7219210184 -536724.7314300736 -539337.0218746999 -538229.2184345624 -534421.6019453888 -536900.3003031416 -538317.3896887753 -537122.4376287824 -536642.4704070876 -537988.3745376524
211 -536893.9956674727 -536723.3525293323 -539334.9570075222 -538229.1302230826 -534419.6850807918 -536896.7905292265 -538315.967382127 -537111.5004099521 -536639.6901078275 -537988.3016805146
212 -536894.0619329317 -536712.1761176809 -539328.7580572418 -538229.1618103168 -534414.1429490747 -536895.318639451 -538315.1086238341 -537103.8236837522 -536638.8320951631 -537979.3365588166
213 -536893.027024002 -536713.7170803791 -539314.859805984 -538222.8935056388 -534388.0901194183 -536895.0171817046 -538302.0847959518 -537096.0031229 -536618.4227995102 -537979.9621220082
214 -536886.1900687048 -536711.4564366043 -539296.5826891701 -538222.2973584572 -534390.1716080057 -536895.581963412 -538302.387631448 -537096.3554140805 -536619.218554903 -537914.9175296219
215 -536877.926817802 -536710.7442427246 -539293.173897365 -538223.1216922605 -534390.4619293003 -536895.0173081429 -538295.7631066756 -537096.417912507 -536619.886329288 -537915.6219978904
216 -536876.7361807731 -536652.2122334633 -539284.8068324081 -538217.7684872774 -534388.3354103381 -536887.4037922337 -538285.0100103369 -537095.7781246626 -536613.8847837532 -537915.8002692639
217 -536878.3980258126 -536652.1324102824 -539285.0723003086 -538215.9785122981 -534387.3950042818 -536883.4556323087 -538270.5564473842 -537094.4028973707 -536613.1467993313 -537881.9597098185
218 -536878.3042364209 -536651.8292893462 -539284.6863044736 -538209.1675376694 -534378.0909248242 -536882.787159909 -538272.4869382775 -537076.6258617151 -536613.8895726199 -537882.902622741
219 -536861.1458794759 -536625.7117678792 -539262.3899446713 -538203.8242255705 -534359.8413356016 -536880.3936843072 -538268.0455654806 -537078.1720462827 -536591.6903341782 -537885.38593414
220 -536840.6188269595 -536602.2204547419 -539251.3866395481 -538179.829724334 -534359.8540669824 -536863.6135225457 -538235.8274548503 -537073.9814993031 -536579.3500398607 -537884.2414165449
221 -536834.834352738 -536582.6422625189 -539251.6206891031 -538179.7325659809 -534360.9498119575 -536862.179902704 -538231.3908048297 -537072.7675602401 -536580.3158992862 -537883.3719149891
222 -536833.8525893432 -536583.2551628158 -539250.0016064022 -538177.6633334585 -534362.9784623903 -536851.4914557398 -538232.0151913323 -537071.0251204014 -536580.5832703627 -537882.7341648317
223 -536821.2370405027 -536581.1256371569 -539250.1061958456 -538174.431778149 -534359.2619228272 -536849.9188771296 -538221.3813030014 -537070.4896121033 -536579.6618209616 -537878.0031847204
224 -536820.8146050074 -536560.3950912794 -539250.3957649135 -538174.090611498 -534349.4576752742 -536848.5193262049 -538220.3381807661 -537070.8727457579 -536541.9719669315 -537878.1737239063
225 -536813.7256947313 -536555.5415247905 -539249.9579349468 -538173.5198827866 -534348.3708501146 -536848.9165849607 -538221.4486872051 -537035.2102305149 -536533.4744234082 -537869.169095284
226 -536812.9437938067 -536554.1869344471 -539248.5346672449 -538168.7673177691 -534321.3396487823 -536844.2052368595 -538221.3803754994 -537014.7488899779 -536526.4888204075 -537863.3807561608
227 -536813.9304497498 -536554.1418041203 -539249.338765498 -538147.3465611291 -534317.7435445145 -536827.0691766548 -538221.8646784888 -537007.7448477066 -536525.5402852618 -537854.7306423127
228 -536814.3973687448 -536553.6505377705 -539211.4873256555 -538097.1575843226 -534304.6164334741 -536802.8209741053 -538193.7051074451 -536970.4375655988 -536502.3953053941 -537854.6329939872
229 -536812.982263511 -536548.6170948845 -539211.771956428 -538097.0481140099 -534303.586932811 -536802.6869735167 -538189.9877036652 -536968.525567105 -536498.3122509154 -537831.7232239853
230 -536779.9739803597 -536531.4258678824 -539210.4422378355 -538097.7026701506 -534300.261692371 -536802.8720391869 -538188.5904667713 -536953.7643351234 -536456.9510312176 -537785.2771889798
231 -536780.7648136663 -536527.9305849974 -539210.6922772783 -538096.8293470469 -534258.4354450854 -536800.4316039075 -538188.4435306157 -536954.5106563226 -536456.1096859034 -537750.3390807193
232 -536733.7526118209 -536527.8646980396 -539168.9913878611 -538096.7436694317 -534256.7140642595 -536801.0846609161 -538184.5958318616 -536954.6175907915 -536457.9429982842 -537744.8594142594
233 -536731.8398973915 -536511.714151387 -539164.9725922009 -538083.0636377198 -534257.1821527206 -536795.7229865536 -538183.1410150025 -536955.4207498019 -536456.7095464424 -537745.2034102287
234 -536709.2424231623 -536505.2870365711 -539145.8623242276 -538049.3460632972 -534256.8366335972 -536793.157655122 -538181.6109733725 -536954.4199218571 -536456.6079620378 -537738.7243012292
235 -536689.0205533747 -536503.3386759937 -539136.2820020004 -538025.6003942621 -534225.9021547278 -536788.3863626146 -538176.3671557491 -536952.0723235076 -536425.5584741593 -537738.2678869009
236 -536682.7481017923 -536503.7906775696 -539133.9639590837 -537862.4154375333 -534210.8252351326 -536788.0458087772 -538123.3322870939 -536954.2597481194 -536424.9966723887 -537738.5900494573
237 -536683.476848921 -536504.015350029 -539124.1105518364 -537853.4032314918 -534186.5976305123 -536784.1841997012 -538125.9523364934 -536954.1949375981 -536410.18895904 -537703.49481091
238 -536683.8560497263 -536480.2044284013 -539124.9823777791 -537807.9841034358 -534173.2670480453 -536784.4999856649 -538127.0573958108 -536946.8985441604 -536408.598166823 -537696.2426682741
239 -536674.7926358499 -536480.502130507 -539125.235385177 -537805.4697020564 -534166.2793326143 -536783.1449268225 -538112.4232637318 -536922.2265319093 -536400.849342159 -537696.2218798213
240 -536665.7263980436 -536475.7554413873 -539125.3887220342 -537805.8527299368 -534166.5119394497 -536783.3691498297 -538094.0110252674 -536916.6656355389 -536393.3264973906 -537692.6763009634
241 -536661.8321688309 -536469.6593427865 -539120.3942319772 -537807.8476676105 -534167.1015436403 -536780.223204341 -538094.3690181503 -536909.1784328959 -536392.8035557026 -537676.4865324508
242 -536662.6936842849 -536468.7723682364 -539119.733900636 -537808.6883218809 -534150.999840322 -536775.9648909627 -538090.2953129909 -536892.6289354047 -536386.0047364802 -537674.2954096012
243 -536662.6716554938 -536467.7560962026 -539111.8593733268 -537788.5855302252 -534145.216638479 -536774.7970375267 -538092.6045840423 -536883.2630917281 -536351.5616312611 -537673.450745691
244 -536640.2730508473 -536454.6956847371 -539112.6075846676 -537789.2867154214 -534145.8021938144 -536726.4700068225 -538082.7088181484 -536872.7679396041 -536352.7799040389 -537669.1621515803
245 -536635.6966908795 -536442.7050879365 -539092.5360468164 -537775.8677701303 -534146.3811183465 -536722.9076131971 -538050.7135342277 -536867.7307081972 -536348.0579290978 -537660.3566750959
246 -536637.9613350986 -536400.9514288707 -539086.6160651561 -537755.770348113 -534141.801830543 -536724.0692124767 -538036.0942718867 -536868.1664055135 -536349.1787133996 -537660.7570199673
247 -536628.3190032565 -536400.068401206 -539086.4450221104 -537745.3609617747 -534143.1095614389 -536710.1580288296 -538035.8787972555 -536867.9984346511 -536339.1912822002 -537661.9939203847
248 -536605.4691455287 -536378.1026122946 -539082.0003800227 -537743.7696270752 -534139.3105298316 -536687.5275582008 -538027.0238575728 -536867.1882154502 -536328.9649790773 -537659.2407070422
249 -536601.3017382543 -536378.1304983879 -539081.9275896738 -537740.0276012262 -534139.3241355682 -536687.1668319285 -537981.9618227928 -536867.4436120437 -536330.5692591363 -537654.7875035084
250 -536589.207403957 -536376.777689242 -539076.349613595 -537733.4921759698 -534138.3964637602 -536688.7053166942 -537975.8332818605 -536867.9879057482 -536306.2531233463 -537647.0334403529
251 -536589.6520315425 -536372.3369528207 -539051.5509762825 -537721.3573828582 -534139.3682340219 -536681.7167170586 -537970.1488819593 -536855.0327637123 -536306.3590689779 -537648.4801907301
252 -536589.463762821 -536371.8027155548 -539035.8344566269 -537721.0004647637 -534139.1055714133 -536681.9348472902 -537970.9411959966 -536855.0058588786 -536306.9489014309 -537649.5188125677
253 -536587.5572273745 -536371.6448183425 -539034.8447804849 -537707.2859770101 -534138.5697729413 -536681.7300786756 -537970.72137776 -536825.0061843058 -536305.7947522744 -537648.7524016936
254 -536588.3735697713 -536361.988503756 -539033.8203079368 -537706.9970442553 -534131.9178668322 -536649.5441270573 -537955.9963771552 -536824.4477519123 -536306.2814690329 -537650.263992319
255 -536588.9295114994 -536350.0217599627 -539035.333371627 -537706.8333563632 -534131.1334354081 -536646.5290018917 -537956.4377786289 -536827.8602067739 -536299.352508507 -537647.1367751146
256 -536587.1960141629 -536350.7841055668 -539034.4595278909 -537698.3725187907 -534129.2015521037 -536644.7333752117 -537957.0869956824 -536828.8625724206 -536299.0143720917 -537647.9007829683
257 -536587.701915711 -536350.8952796011 -539017.7187052097 -537699.1561110027 -534129.2559315413 -536643.6212416447 -537956.1182290984 -536830.1645454582 -536271.1133717075 -537647.4243348157
258 -536580.7065988427 -536349.4387698115 -539011.4757703017 -537700.045577296 -534127.7286319436 -536641.2915054308 -537957.6105064764 -536813.7067109994 -536269.2971757872 -537630.7965119125
259 -536577.746725977 -536347.7351021749 -539009.3378719409 -537700.5031611046 -534121.0123649805 -536640.100549411 -537962.323239944 -536807.7929993423 -536268.1283906247 -537594.8620725031
260 -536577.3174342775 -536346.2710554935 -539006.9414873656 -537692.3586641541 -534119.1939192435 -536603.4005630267 -537960.7414753863 -536808.1330325538 -536268.6898225895 -537592.4010702136
261 -536577.1266749096 -536347.480575332 -539004.7208860569 -537694.0488918477 -534099.4845359782 -536600.7406161437 -537923.3256202895 -536808.477664616 -536267.814083368 -537590.0521457194
262 -536536.638645785 -536344.1947453083 -539004.2932197303 -537690.3789856219 -534100.6036716462 -536600.5041854783 -537924.6123863712 -536806.6983487227 -536265.8250305215 -537589.9978745664
263 -536536.5028780025 -536343.4210111197 -539004.629232187 -537688.2112459275 -534057.059968471 -536599.5396003877 -537915.2935471248 -536771.3845805097 -536265.1813045014 -537590.7890198078
264 -536533.0866867101 -536339.7985583115 -539003.4847671338 -537685.0010697207 -534047.1382400519 -536599.1138566687 -537914.5526371256 -536759.0147817725 -536265.5171480272 -537586.618433587
265 -536533.4172229874 -536333.5378054405 -538999.09000916 -537684.9018506363 -534046.410127938 -536600.5064264163 -537914.7876434227 -536757.787329724 -536260.3116787199 -537582.5832156045
266 -536529.3558192364 -536289.9307918731 -538994.1643041113 -537683.5064678525 -534040.0841053819 -536600.0486379671 -537915.6249984199 -536757.2924798322 -536255.7355286145 -537579.7625217979
267 -536525.7501417457 -536291.2741224058 -538993.5823003093 -537683.0223922635 -534035.3489486657 -536595.9372120812 -537911.9936573666 -536758.7042187026 -536226.8205614066 -537575.1182403695
268 -536526.6772550112 -536263.7934077177 -538992.8847740572 -537677.9952947674 -534035.6776966603 -536590.7832661362 -537907.3762068753 -536754.0995456233 -536226.6242348846 -537573.7152524571
269 -536495.6755488885 -536264.9530603059 -538988.1437307826 -537669.022591938 -534025.6940785846 -536591.0478493777 -537904.1290223207 -536743.5197586139 -536225.2668188742 -537573.0449269908
270 -536497.4281309774 -536259.724623705 -538982.7264752327 -537662.9730254463 -534013.0684707384 -536587.1016231009 -537902.0857853843 -536733.4273332555 -536226.3188964705 -537571.9980455671
271 -536498.5773402152 -536259.4281600106 -538972.5374352955 -537659.1630880526 -534009.1477961866 -536581.9733484006 -537894.0709106175 -536723.5648511708 -536223.7463669353 -537572.8856667286
272 -536488.3909594391 -536257.2544011424 -538964.1895985065 -537659.7361041078 -534009.4800381794 -536583.1742447966 -537894.4034739151 -536723.3600371223 -536222.7124662368 -537565.6715862451
273 -536487.246650866 -536255.7912011928 -538955.0412082655 -537621.7405428066 -534009.2348142451 -536576.5112295062 -537881.9940993717 -536719.0466129268 -536214.2971176375 -537556.6042096308
274 -536483.0757133396 -536255.0370305309 -538956.4754794277 -537609.5489435936 -534006.8920312882 -536576.2285868302 -537880.9851017667 -536720.8800758533 -536213.9817632271 -537556.9018274578
275 -536484.0193601989 -536246.4120850676 -538953.9690578562 -537599.7966715063 -533993.2685731279 -536564.2203228162 -537874.5602402724 -536708.864038622 -536213.6822233985 -537546.2156703253
276 -536471.7554020195 -536232.2690251542 -538954.4491960439 -537599.8780446323 -533991.9186721891 -536564.3975511432 -537871.6927134211 -536707.5501881961 -536213.9416080476 -537540.251281509
277 -536468.3326371738 -536226.819495715 -538953.8349891107 -537598.0519634909 -533991.7423895944 -536567.3666004965 -537871.7219486438 -536689.5933844601 -536213.9874083567 -537539.290540091
278 -536459.2389269302 -536228.3196810342 -538953.5952224417 -537597.7502608886 -533958.9907721486 -536567.8825033738 -537873.3333070301 -536686.9926910014 -536201.9680885067 -537540.7621410144
279 -536460.8630963967 -536197.551170608 -538952.8086987783 -537594.9419703484 -533944.0576873828 -536527.3763661989 -537861.241010043 -536685.9572456079 -536202.4259688489 -537540.9153989318
280 -536457.4140862073 -536197.5824218758 -538949.8188455367 -537593.8697338996 -533930.1796330874 -536526.4998124628 -537860.7442536291 -536682.3204311631 -536202.9496662354 -537540.8397039731
281 -536452.6698397791 -536183.5744784733 -538945.8914459686 -537582.732004001 -533929.0303350983 -536527.6849342915 -537855.0292892838 -536678.5692702613 -536203.2276215783 -537532.4037119767
282 -536450.612859912 -536182.1507169453 -538945.136697376 -537566.0188090897 -533927.9567216351 -536514.8096077724 -537848.3749359435 -536672.4469392095 -536187.5487021606 -537532.6139399185
283 -536450.6728895234 -536180.8220001005 -538945.6976405875 -537565.8148440822 -533910.8311038419 -536514.8523190448 -537830.968394279 -536653.2637875451 -536170.7816466448 -537515.973921924
284 -536449.8155175371 -536180.4129290278 -538946.7676231433 -537565.8506902286 -533894.7771993951 -536476.2284507902 -537814.1695166246 -536632.6424938557 -536169.0079668399 -537514.4491907883
285 -536446.3869060602 -536173.3530951518 -538930.6842057128 -537564.2132484388 -533894.5015454148 -536477.3622364085 -537814.0320242341 -536633.5393464038 -536167.8538985595 -537514.0863160519
286 -536428.5402356386 -536153.7155175557 -538923.5793825072 -537564.5914989384 -533891.9654044652 -536475.3433587287 -537814.025541926 -536632.8451105198 -536124.1081248412 -537458.2196680461
287 -536410.4434024262 -536134.5482301724 -538923.0395846545 -537560.5120926647 -533891.6664514723 -536455.6504294681 -537813.5448361781 -536630.3338564243 -536107.1140388133 -537435.0316365575
288 -536409.3994525406 -536114.8946821326 -538920.7844831536 -537560.8533464035 -533891.1325408653 -536457.232287911 -537814.3918647226 -536629.7549568566 -536085.9375552 -537434.0308215454
289 -536407.3006617131 -536108.7482125531 -538920.3542373043 -537560.0093096897 -533890.5299715566 -536457.8667158971 -537813.9486278101 -536624.8525719766 -536085.6184511342 -537423.0019881134
290 -536357.7012307362 -536109.4203116766 -538911.122223948 -537540.6413147412 -533886.0625851194 -536457.0393538859 -537810.7915652713 -536610.656332505 -536084.563578692 -537416.9252318514
291 -536334.1448413198 -536109.5950493559 -538912.4059941835 -537539.9195728957 -533873.0795181802 -536455.3711343205 -537812.3576936706 -536609.5889911887 -536081.422403265 -537410.4170966021
292 -536335.4152843927 -536100.027079355 -538912.2929860747 -537539.1790029285 -533874.7716284429 -536448.806517925 -537813.4891787227 -536608.9144814357 -536076.3545495638 -537386.4921530465
293 -536335.7016409691 -536100.2198112722 -538910.8447308241 -537483.5214608974 -533873.8026647836 -536430.6156007056 -537813.0701370712 -536606.9605274445 -536063.2208419973 -537387.3180445842
294 -536332.6848641369 -536100.5310358882 -538910.9283828879 -537478.3311013217 -533867.5787751742 -536430.2808549103 -537813.027907424 -536550.6299493185 -536063.5670685207 -537375.9620226261
295 -536327.2380660896 -536099.8178801697 -538901.3391510452 -537477.1345789752 -533867.5090114365 -536430.395073412 -537758.4014758689 -536526.3994784043 -536053.2787102432 -537376.337344203
296 -536324.3930434297 -536090.5531240338 -538901.7574990423 -537477.7742220953 -533864.2111280559 -536428.7541797438 -537755.485346256 -536526.4187792604 -536047.8179292679 -537376.4987674609
297 -536322.3352960728 -536082.9104763257 -538901.9859075989 -537476.8852811835 -533864.6103635391 -536427.7097058394 -537750.3809183172 -536525.2028031861 -536045.2373871633 -537376.3743243504
298 -536323.5332042305 -536082.895966409 -538902.5891264717 -537477.0156896205 -533854.9752526106 -536405.5168583662 -537743.557641838 -536525.331635081 -536046.0108603623 -537367.9127892592
299 -536321.7060072471 -536079.7001229012 -538872.4545630128 -537476.7936369611 -533856.1879829625 -536400.5960395557 -537743.4004187266 -536524.3197357417 -536034.6217514605 -537366.7523971659
300 -536326.4505569569 -536078.7462386815 -538861.1440801038 -537476.7853804535 -533854.48685102 -536387.7679796288 -537739.7636091473 -536524.6757230894 -536028.1152520927 -537365.2220224523
301 -536319.568591523 -536078.236798327 -538860.8856637678 -537477.6286287882 -533847.8366779189 -536379.2416771518 -537738.1965382642 -536524.86501097 -536018.7882963341 -537359.9751123716
302 -536319.7946322928 -536075.3342416296 -538782.3591918668 -537478.2235758486 -533847.3632994187 -536374.3057811745 -537726.2727478507 -536523.9883651776 -536016.8850769777 -537348.9224978765
303 -536319.7513332947 -536075.7991469953 -538775.9202631409 -537473.2109714462 -533847.8781982335 -536374.670849913 -537724.6911226531 -536523.8268768473 -536017.5598545945 -537339.6300342914
304 -536319.5377048295 -536078.0674832442 -538774.9940445876 -537465.7695365527 -533848.4119800464 -536375.8641901519 -537724.9643624485 -536525.1463837664 -536018.0774892854 -537336.2955000999
305 -536319.3858107268 -536075.9155546138 -538775.4272337233 -537464.6439441328 -533845.5444344266 -536374.2084207868 -537722.2263380429 -536515.3109492343 -536014.9718895832 -537325.2128847914
306 -536318.9031191116 -536074.6807689125 -538764.9713263453 -537467.3772035041 -533847.7961170061 -536372.4321111339 -537724.0553285619 -536515.8437529944 -536014.962263363 -537324.8101630522
307 -536319.3071718151 -536053.0937997879 -538765.6654424086 -537466.1358596026 -533848.2369286225 -536371.3611156071 -537727.9918997388 -536500.8251280435 -536013.4628846175 -537324.6876095597
308 -536320.1265079353 -536054.8329168474 -538760.435215089 -537466.7036185444 -533848.0699762814 -536357.838623482 -537692.7197766267 -536500.6187147319 -536015.6212298436 -537316.3101400537
309 -536320.2519605714 -536055.926531164 -538761.253823745 -537467.824864457 -533834.944494098 -536358.872420378 -537693.420089835 -536496.5058570199 -536019.5104046676 -537316.098349083
310 -536320.0331014402 -536030.9331131994 -538750.4820839779 -537468.5880957942 -533832.8409431509 -536359.0748964399 -537691.1317497813 -536496.153197677 -536018.5525281865 -537316.7422466332
311 -536310.8508200833 -536027.9428764409 -538734.6055000878 -537468.2939151275 -533829.7507906931 -536358.4338410851 -537691.1780137888 -536487.4804190681 -536008.6235693886 -537315.9015530664
312 -536311.3041696327 -536026.5217048796 -538714.3420277485 -537465.9591368696 -533809.1923531641 -536358.5645063637 -537690.9844597359 -536489.6966100357 -536009.7602427453 -537316.537748803
313 -536291.476272078 -536023.3097761995 -538713.4622646619 -537462.3933351561 -533796.3023127539 -536359.3191308348 -537682.318716804 -536487.4438172185 -536006.1773870471 -537295.3288852095
314 -536293.7209345448 -536014.7892245944 -538712.4940449707 -537463.5267302385 -533796.617499888 -536355.626859406 -537667.7026877296 -536472.4490691788 -536007.1623666326 -537286.2207844108
315 -536293.2676906188 -535999.7069698661 -538712.6045453628 -537462.9398540187 -533795.8964842884 -536332.1912889959 -537667.9956706371 -536473.0004129189 -536006.7063134894 -537281.4259760318
316 -536292.750247349 -536000.381678924 -538698.9003287593 -537459.8545902449 -533796.8730054494 -536334.4239174575 -537669.7382535227 -536471.202577976 -536007.0412510223 -537280.772478508
317 -536287.3383095583 -535999.5440588101 -538698.9954134963 -537460.2321852429 -533785.5019754261 -536334.9416762049 -537671.2617058558 -536470.8265811712 -536001.3371054443 -537279.706837899
318 -536266.8670766179 -535998.9700649638 -538698.4610061708 -537460.2396171527 -533785.7936654044 -536335.1512945425 -537671.1687039775 -536469.0842799691 -536000.5310394233 -537279.3847091786
319 -536250.4610248029 -535997.8174464765 -538697.6982265459 -537443.6500459728 -533784.3090368044 -536301.5079373905 -537670.9936922883 -536469.6452973948 -536001.0183103818 -537279.7089754529
320 -536249.2494796095 -535998.5444381582 -538692.3137585274 -537435.6452071602 -533782.2960070061 -536290.6693564841 -537668.1151260511 -536468.5535958742 -535999.6251806745 -537277.7860676728
321 -536248.6347764281 -535984.9130856069 -538691.3782515163 -537435.7170329911 -533782.6186666128 -536289.7913403673 -537668.1572208686 -536459.8114789978 -535994.425659667 -537280.663722433
322 -536245.8979388393 -535984.4601798526 -538691.785560576 -537433.9560457594 -533783.6508846735 -536288.7903461788 -537668.9222809756 -536457.7727335035 -535992.4420690038 -537280.6121508152
323 -536246.5428717522 -535985.0128557442 -538660.5900820873 -537424.391648886 -533755.2048368352 -536287.6990046351 -537668.5398301375 -536457.8728125507 -535992.7782491085 -537270.6265419321
324 -536246.634994301 -535987.9713523451 -538659.7203786087 -537424.7254029589 -533755.4018275423 -536287.1410173501 -537667.6022320534 -536457.8591709087 -535991.3824168115 -537267.8144545404
325 -536245.6995801417 -535982.3723610699 -538646.1861290014 -537424.0780154259 -533755.6996527702 -536284.7476193828 -537668.1036579381 -536436.9396653406 -535961.9372223022 -537267.456041008
326 -536246.0373920784 -535980.9641512849 -538644.6434906052 -537424.5275848033 -533754.8301062612 -536269.1640410974 -537638.0484724387 -536436.5069743103 -535960.3562178161 -537266.1505970577
327 -536241.9621399508 -535981.2871157757 -538645.277391354 -537424.0925314012 -533754.0420199982 -536268.8664732768 -537627.3039381902 -536431.0989732619 -535926.0561790739 -537264.6444325483
328 -536236.4216299569 -535981.0720985382 -538644.6998426504 -537425.7369668332 -533756.4422820741 -536254.5263865641 -537627.1462975533 -536394.6102630286 -535921.8988626318 -537264.06815481
329 -536235.6144130838 -535975.742808446 -538648.3103665087 -537392.6748314991 -533756.5597163966 -536251.9701406241 -537628.6881873865 -536386.7192519299 -535922.0479469687 -537266.5468772408
330 -536232.7234287453 -535954.8954192643 -538645.8809524106 -537389.763724009 -533757.4399900015 -536249.7928553483 -537622.1063979776 -536386.733336779 -535907.7412433391 -537266.8991753261
331 -536235.5882146418 -535951.8870760103 -538644.8473380551 -537388.8549854598 -533755.8705554905 -536248.7656784117 -537613.0036617306 -536388.1789872418 -535907.9968685503 -537266.8372941397
332 -536231.9884621976 -535925.5697087862 -538632.8375368366 -537380.1472317954 -533751.9408950077 -536242.3165293664 -537613.2298613412 -536386.5138859994 -535893.3906056597 -537264.5222009921
333 -536230.517581351 -535894.1187824737 -538626.5518516575 -537379.6376226714 -533753.1319017902 -536238.612191451 -537610.82819868 -536386.6478859787 -535893.3068313219 -537266.9250492813
334 -536231.6645116337 -535891.2936650399 -538626.7032609101 -537369.0672878755 -533753.4452203522 -536238.8190432572 -537607.3706309979 -536382.2546353014 -535892.6411878546 -537261.0074450558
335 -536231.4931901281 -535891.2256838885 -538627.3913119028 -537337.3101313442 -533750.1703344774 -536238.4469934092 -537607.6764270323 -536379.8256285853 -535894.8841897275 -537256.3534675903
336 -536227.6330557176 -535891.8201257547 -538623.1587312496 -537337.830094923 -533748.26475517 -536225.8136928398 -537601.1441671154 -536379.2949490882 -535888.1100885397 -537246.1084246133
337 -536210.4286685298 -535891.1885053794 -538623.8948270614 -537335.1568259721 -533743.2268408738 -536226.8016342883 -537583.6910158742 -536361.3640983878 -535886.47547758 -537224.4313053496
338 -536208.1350058647 -535889.4542222958 -538621.0077738175 -537335.0903582233 -533742.2242633174 -536210.553467129 -537581.8263019442 -536359.1099547399 -535887.0232602879 -537214.9880319255
339 -536207.0797477656 -535891.0418415213 -538620.5020633809 -537333.0099203703 -533743.5865321633 -536208.2444900826 -537580.1724629607 -536354.3291982184 -535884.8525466521 -537194.129406054
340 -536207.0585361434 -535888.9741454439 -538620.4806031333 -537314.1977236199 -533741.3433216838 -536199.436200454 -537580.0564152497 -536350.3803980805 -535873.1015826621 -537182.6454963619
341 -536196.162092451 -535862.851642209 -538620.6580108344 -537315.5586710265 -533719.4888450057 -536188.1478462439 -537578.0759998776 -536339.7647684705 -535851.7078237899 -537179.7782194269
342 -536194.0176522903 -535852.1643186234 -538592.2123029764 -537269.8972968608 -533714.1188254993 -536189.096642209 -537552.8989336041 -536341.2245498409 -535852.553305103 -537176.9139277841
343 -536192.868581634 -535844.0928187482 -538589.6687810003 -537261.5311396567 -533692.043937603 -536185.4308997081 -537532.5553185894 -536341.7096653355 -535853.380136121 -537177.2781296677
344 -536187.876079634 -535843.6955459525 -538586.0324326188 -537262.1034783213 -533688.6593879013 -536184.4496872509 -537532.0129135302 -536343.7534363589 -535849.1873991345 -537177.7918557967
345 -536176.7807641458 -535839.4221158295 -538579.7548539501 -537258.2736488299 -533686.3689603613 -536183.4313407618 -537502.8335234885 -536343.3140678343 -535849.0713030295 -537178.8811627363
346 -536174.2228522648 -535834.0928011597 -538580.9497769513 -537260.5428653965 -533686.586272416 -536183.9314480089 -537476.7940765151 -536342.8194380915 -535848.4823630108 -537177.3423018231
347 -536172.1942254165 -535814.2227842472 -538567.0148355754 -537261.3123857493 -533684.4332251817 -536178.3429828959 -537427.3371600944 -536318.2417104125 -535848.4540791425 -537178.5292771421
348 -536171.0121931955 -535802.9765043051 -538562.9501149728 -537261.3663683676 -533680.9564427043 -536165.4421873505 -537426.71808597 -536288.6677388372 -535849.4808126534 -537159.4957973321
349 -536167.1807396952 -535803.2921618465 -538561.9243326951 -537261.5786021736 -533681.3355033257 -536162.5413717498 -537428.6604280381 -536275.4347185737 -535846.6082202749 -537150.2475193365
350 -536166.6241997335 -535795.8884704113 -538558.6926612251 -537262.7247189259 -533682.7952854211 -536163.2986931679 -537428.7674669321 -536267.2023939067 -535828.0755202924 -537149.5742420934
351 -536166.6750931925 -535795.9247831055 -538549.9376536168 -537263.5334317933 -533681.6290414381 -536159.7253020138 -537428.7497893111 -536265.3902744871 -535827.1519724634 -537149.0735851696
352 -536165.1144281965 -535795.5249380795 -538519.1897282535 -537258.159140069 -533677.2957008472 -536160.5434757236 -537428.8354735167 -536266.7411249098 -535827.24941223 -537141.2451401955
353 -536168.058276924 -535763.2829598165 -538517.9269182122 -537257.484870401 -533676.4497105003 -536129.2549056183 -537422.0167692909 -536264.8131842698 -535823.4110479882 -537140.2250945568
354 -536169.7840330024 -535760.8196081836 -538509.1347760129 -537247.8278450137 -533676.7242624074 -536129.7130627066 -537422.4388828553 -536264.0167342428 -535820.3836556913 -537129.8554791268
355 -536158.3939376366 -535732.638706002 -538504.424566418 -537248.3853836877 -533676.1316704063 -536127.6125638147 -537411.0624272096 -536263.2114548192 -535821.4498269756 -537129.7935868178
356 -536159.2491929983 -535733.5598690498 -538490.9911783518 -537247.421391186 -533677.414533986 -536092.1050697253 -537407.2037731194 -536264.045469655 -535821.9473248539 -537129.8124205426
357 -536142.035184934 -535733.7425491523 -538484.4501253994 -537248.7656147183 -533661.6931057775 -536095.5345148287 -537406.4169184613 -536255.8478796573 -535811.1170597475 -537128.2032059832
358 -536141.9810137209 -535730.04354433 -538482.7807239345 -537212.1059933433 -533638.93178188 -536095.090669747 -537397.0804324755 -536251.0207704585 -535772.2235989615 -537087.2232133914
359 -536141.609767283 -535729.9861599219 -538483.540292587 -537212.8511955759 -533601.5961436001 -536093.3984994506 -537397.5414354415 -536250.0640258401 -535771.3932520882 -537087.8562743448
360 -536140.9686349641 -535732.4516897136 -538480.305107573 -537213.0317903251 -533602.7188365888 -536095.6631884959 -537396.0185212793 -536251.4405854442 -535770.8314428111 -537043.86004615
361 -536097.6067352844 -535728.7311974555 -538480.9775705672 -537213.5931107868 -533601.9071753628 -536090.498234429 -537396.6641127223 -536243.2421951969 -535771.5867176084 -537043.1037564036
362 -536097.7655380517 -535697.7545618336 -538476.1956573585 -537210.4076219162 -533602.4774752364 -536090.6842630616 -537397.609924855 -536244.1119013462 -535722.697832823 -537040.7091505073
363 -536098.7102896787 -535688.917337286 -538471.0931933057 -537166.689751094 -533602.7997657374 -536083.2277501369 -537394.7191769268 -536242.398345866 -535723.7908940313 -537041.3033102716
364 -536055.7915343211 -535689.2590121189 -538466.4191666241 -537167.1819665295 -533558.9569960735 -536078.1868243223 -537394.3971698767 -536193.954648626 -535721.2552570584 -537038.2383811674
365 -536052.9719925255 -535692.2796194424 -538458.8091762428 -537149.3951838044 -533559.4864070134 -536064.080059783 -537390.9750504079 -536192.9034053617 -535703.8400396025 -537041.2951783431
366 -536052.278696765 -535688.9672621703 -538405.4654584476 -537151.3971225936 -533560.907347918 -536062.2857839675 -537373.9243838254 -536187.6544795786 -535701.6733917508 -537035.4828463572
367 -536051.1374268059 -535682.5920389767 -538406.3372126622 -537146.4744235608 -533520.6473218439 -536042.3025933225 -537372.3609718344 -536183.0710586077 -535690.8638799235 -537031.7366814502
368 -536046.1621364125 -535679.7181440056 -538406.835624455 -537141.4472902719 -533518.2568740686 -536036.7965809286 -537357.6526596256 -536175.0676007364 -535688.8917000967 -537030.0552587903
369 -536042.7622036068 -535677.5840006256 -538407.720251367 -537138.8308613331 -533509.3760511125 -536037.7666699726 -537355.5974865821 -536179.011242318 -535687.1073964203 -537029.6577467697
370 -535988.8210134591 -535678.8802442728 -538408.482225854 -537136.8967298388 -533506.2806391065 -536038.6172410701 -537343.6582647581 -536179.3427588784 -535684.5463807336 -537024.4086046336
371 -535989.766493767 -535676.8474268835 -538393.0149801618 -537134.3126182971 -533505.8096008489 -536031.4882779329 -537345.0550978633 -536174.9889369248 -535683.425178996 -536959.7021218115
372 -535986.6522801078 -535670.4233331534 -538366.566746376 -537133.0743813516 -533506.6240387405 -536029.3227012448 -537340.911724437 -536172.3896730705 -535676.3139664893 -536933.6179903783
373 -535986.4641535394 -535628.7066654034 -538363.5275102208 -537125.410637055 -533499.654520426 -536027.8865839939 -537341.0481227303 -536156.9202719477 -535678.2209953826 -536923.14186344
374 -535985.7105101536 -535626.9743774227 -538309.2438267518 -537126.373998017 -533498.0388213434 -536022.9788323137 -537339.1076151276 -536147.5144345799 -535668.2012702264 -536916.9733894557
375 -535976.8638453507 -535614.0069323799 -538308.5099724384 -537117.0433482819 -533490.9269409261 -536021.18869961 -537336.1062923624 -536144.3980560307 -535667.7495282065 -536918.9410329827
376 -535921.3967389892 -535607.1223543484 -538307.1736091974 -537089.5228266285 -533480.2915405717 -536021.343094226 -537339.2032426556 -536144.8176022387 -535658.3357015145 -536918.0064396997
377 -535919.1788028786 -535605.2393471783 -538303.1013191143 -537089.0652906882 -533475.1389720356 -536015.1632723811 -537339.721487964 -536146.4440317074 -535651.8804690595 -536916.528592641
378 -535915.2779496528 -535578.7384340188 -538303.8626121883 -537085.0055993705 -533469.5602255833 -536015.73511319 -537338.6206037118 -536145.7811193261 -535632.607597149 -536913.583884948
379 -535886.9834837818 -535575.662317941 -538304.8255911788 -537082.4933231629 -533468.9712927546 -536015.172242067 -537331.9416052592 -536146.3984726714 -535623.3885885337 -536849.8321473036
380 -535887.4744492299 -535572.083740592 -538253.973436651 -537080.1279828221 -533468.2360571676 -536008.0359371693 -537320.8469034992 -536132.9557240637 -535610.4934891806 -536850.6260944864
381 -535885.0129467496 -535573.0634454245 -538252.5310945236 -537074.54014275 -533469.3191282934 -536006.4306056857 -537258.3271370471 -536069.5483436461 -535602.3183948909 -536851.2287016113
382 -535883.0708528196 -535570.4731627177 -538248.5824894977 -537024.3492785366 -533467.2545186181 -536005.598102706 -537254.7369333447 -536069.6140108152 -535601.9119247269 -536850.226485969
383 -535875.3308562466 -535570.0917093455 -538248.4531982364 -537000.8706874857 -533467.0985838167 -536005.3975761997 -537255.9886813308 -536069.6461773762 -535597.2133552434 -536850.1319859914
384 -535875.3719576314 -535567.9786951356 -538235.2036994367 -537001.2232726138 -533401.7830697702 -535997.8644332932 -537253.188938977 -536060.7634975669 -535589.1440295203 -536851.575978861
385 -535875.5855605699 -535561.2694024032 -538230.432783354 -536991.6704825887 -533389.977536937 -535995.0943732394 -537248.368662959 -536051.1533446487 -535585.3420726268 -536843.2776523135
386 -535872.14351361 -535560.404288077 -538221.7265329778 -536976.2838871838 -533376.2806072503 -535993.5200740899 -537244.3130344646 -536051.6336560862 -535581.0211481117 -536804.6323480145
387 -535854.4069406976 -535556.8763495865 -538221.3022120529 -536965.8645655221 -533375.7744594037 -535986.4085320076 -537241.4546054375 -536051.5045682373 -535574.8419779479 -536799.9904104642
388 -535833.4304037127 -535556.3510978599 -538221.3401586254 -536895.4492462298 -533375.8143570798 -535980.648455852 -537242.078736426 -536013.3043594053 -535575.0516909831 -536782.0174357983
389 -535834.2405144549 -535555.5401841652 -538215.8960840822 -536889.6546192907 -533376.4159247868 -535974.8026830889 -537225.3066070619 -536008.2488091578 -535573.5520499151 -536776.0603422442
390 -535828.2089303215 -535552.9077112892 -538216.6911315821 -536890.0931913418 -533377.0542993615 -535975.5760060265 -537224.2076835575 -536010.1193727057 -535555.6744666917 -536771.4305789318
391 -535823.84348359 -535532.8988393177 -538217.5127561776 -536889.8186022262 -533379.0256851941 -535955.614529532 -537214.3222562117 -536009.4690401494 -535556.6755271633 -536760.6882682575
392 -535824.2932079686 -535528.3072853205 -538213.8635235815 -536890.262982056 -533378.868359064 -535935.9178913109 -537210.7700477657 -536006.4150159016 -535554.8708384647 -536736.1156335232
393 -535826.3535711393 -535528.6749989814 -538203.4004739383 -536864.8834594938 -533340.6497264509 -535933.09590644 -537204.7992948154 -535986.400517881 -535554.4605157634 -536716.2471274035
394 -535823.5182072041 -535528.7850016315 -538200.6429568031 -536851.3145453932 -533335.9324235755 -535856.6964278338 -537204.6340665561 -535986.414760005 -535554.0231756568 -536712.4737847475
395 -535822.8253797712 -535528.8217455691 -538179.5924673737 -536851.3732418166 -533335.2001296572 -535858.9540885624 -537203.4956541532 -535974.8546149288 -535551.6101864729 -536710.4563162783
396 -535811.3223207731 -535529.5625814587 -538099.6604813647 -536848.7112976847 -533334.447249233 -535816.2590813306 -537203.9682896696 -535971.9508747563 -535548.3486706831 -536699.3275620433
397 -535811.5986085503 -535530.9122997271 -538084.604799534 -536852.6293556642 -533318.943050604 -535809.9923572786 -537182.628615527 -535969.1772554396 -535548.4716111071 -536694.4457944925
398 -535811.0420690945 -535529.2149770863 -538084.7142249546 -536847.0509905734 -533296.3774703541 -535810.0031008131 -537166.9636550439 -535957.5896410956 -535537.5578394916 -536695.7688801178
399 -535808.5926258544 -535524.0761528772 -538080.4950205953 -536847.2658692009 -533284.7258906843 -535808.6414476393 -537156.4207967452 -535942.3300855176 -535529.6245090556 -536686.380877332
400 -535808.2861849011 -535525.7961620304 -538078.2562712813 -536847.6643632953 -533278.5868326378 -535794.5005959629 -537125.0805935401 -535857.2199261665 -535531.0405573656 -536661.8535355995
401 -535805.7439676236 -535511.739918534 -538078.0432057951 -536844.417981904 -533278.3237422399 -535781.6171324647 -537115.2874600417 -535855.5195976412 -535531.3967806334 -536644.574044087
402 -535786.7558382857 -535496.7517636938 -538078.1099391266 -536842.5230154506 -533280.1245449818 -535772.6392291052 -537114.7130763773 -535846.515481194 -535529.8167443639 -536632.4173161483
403 -535786.447724936 -535495.6343730316 -538066.3679274822 -536838.0603287275 -533266.6020590158 -535772.6810585228 -537100.7779933708 -535846.5985164511 -535530.222756147 -536631.7926311169
404 -535772.866000423 -535494.1489792452 -538052.5648072229 -536836.3517669323 -533261.0581164887 -535770.4823269665 -537093.5622717594 -535845.418473342 -535529.2060731037 -536631.8603136626
405 -535763.7638659737 -535492.9900856075 -538004.283640113 -536822.9014127397 -533251.7651553109 -535765.4483670865 -537093.299641841 -535841.5816176268 -535528.0369142562 -536623.9899129013
406 -535764.5291977684 -535492.5364713259 -538004.4276459815 -536813.8585835396 -533254.0681706333 -535759.2221351317 -537093.2416156325 -535836.4064328645 -535522.2538700844 -536615.2358055583
407 -535761.9924353105 -535467.6150146313 -538004.9988854168 -536804.5503943476 -533255.0181659493 -535754.9383504764 -537087.9597140013 -535836.6649165819 -535522.7756896616 -536616.0789195348
408 -535762.2010821769 -535466.0112971168 -538005.5379702563 -536803.4151019228 -533251.5821911076 -535736.9759103328 -537085.404231824 -535825.8123428863 -535523.4051454295 -536611.3273802344
409 -535762.7193810083 -535456.7049109894 -538003.7668141684 -536799.3718154167 -533249.6471846066 -535725.1026696081 -537085.8283117893 -535825.1109520746 -535516.248805406 -536609.5103237487
410 -535739.2209775595 -535409.4610882723 -537986.5428874291 -536771.7140906559 -533236.7706499516 -535722.615056514 -537086.2471940872 -535824.9730571116 -535516.3964330603 -536602.9613048788
411 -535706.1810865852 -535403.8044160206 -537974.1774295173 -536770.7123522593 -533230.0613917258 -535722.7386290947 -537081.0498386368 -535822.6259339689 -535487.7123478996 -536603.1990847606
412 -535707.0003467484 -535388.6587127021 -537963.0882976237 -536765.0667561513 -533213.312488717 -535699.7511539117 -537080.565102905 -535790.6928996886 -535488.853588993 -536599.9023494413
413 -535706.8855708733 -535385.3964356759 -537954.2754909582 -536765.3421108027 -533213.4654890473 -535700.7950788805 -537080.5973123105 -535783.9999124253 -535490.0494454738 -536593.5166834095
