1 0
2 0
3 0
4 0
5 0
6 0
7 0
8 0
9 0
10 0
11 0
12 0
13 1
14 1
15 2
16 3
17 3
18 3
19 3
20 3
21 3
22 4
23 5
24 5
25 5
26 4
27 4
28 4
29 4
30 4
31 4
32 4
33 4
34 4
35 4
36 4
37 4
38 4
39 4
40 4
41 4
42 4
43 4
44 4
45 4
46 4
47 4
48 4
49 4
50 4
51 4
52 4
53 4
54 4
55 4
56 4
57 3
58 3
59 4
60 4
61 4
62 4
63 4
64 5
65 5
66 5
67 5
68 5
69 5
70 5
71 5
72 5
73 5
74 6
75 6
76 7
77 7
78 7
79 8
80 8
81 8
82 8
83 8
84 8
85 8
86 8
87 8
88 8
89 8
90 8
91 9
92 9
93 9
94 9
95 9
96 9
97 8
98 8
99 8
100 8
101 8
102 8
103 8
104 8
105 9
106 9
107 9
108 10
109 10
110 11
111 11
112 11
113 11
114 11
115 11
116 12
117 11
118 11
119 11
120 11
121 11
122 11
123 11
124 11
125 11
126 11
127 11
128 11
129 11
130 11
131 11
132 12
133 12
134 12
135 12
136 12
137 12
138 12
139 12
140 12
141 12
142 12
143 12
144 12
145 12
146 12
147 12
148 12
149 13
150 13
151 14
152 14
153 14
154 14
155 14
156 14
157 15
158 15
159 15
160 15
161 16
162 16
163 16
164 16
165 16
166 16
167 17
168 17
169 18
170 18
171 18
172 18
173 17
174 17
175 17
176 17
177 17
178 17
179 17
180 17
181 17
182 17
183 17
184 16
185 16
186 16
187 16
188 16
189 16
190 16
191 16
192 16
193 16
194 17
195 17
196 18
197 18
198 17
199 17
200 17
201 18
202 18
203 18
204 19
205 19
206 19
207 19
208 19
209 19
210 19
211 19
212 19
213 20
214 20
215 20
216 20
217 20
218 19
219 19
220 20
221 20
222 20
223 20
224 20
225 20
226 21
227 21
228 21
229 21
230 22
231 22
232 22
233 22
234 22
235 22
236 23
237 23
238 23
239 23
240 23
241 24
242 24
243 24
244 24
245 24
246 25
247 25
248 25
249 25
250 25
251 24
252 25
253 25
254 25
255 24
256 24
257 24
258 24
259 24
260 24
261 24
262 24
263 24
264 25
265 25
266 25
267 25
268 25
269 24
270 25
271 24
272 24
273 24
274 23
275 23
276 23
277 23
278 22
279 22
280 22
281 22
282 22
283 22
284 22
285 22
286 22
287 22
288 22
289 22
290 22
291 22
292 22
293 22
294 23
295 24
296 24
297 24
298 24
299 24
300 24
301 24
302 23
303 23
304 23
305 25
306 25
307 24
308 25
309 24
310 24
311 24
312 24
313 24
314 25
315 25
316 25
317 25
318 26
319 27
320 27
321 27
322 27
323 27
324 27
325 27
326 27
327 27
328 28
329 28
330 28
331 28
332 28
333 27
334 27
335 27
336 27
337 28
338 28
339 28
340 27
341 27
342 27
343 28
344 28
345 28
346 28
347 29
348 29
349 29
350 29
351 30
352 30
353 31
354 31
355 31
356 31
357 31
358 31
359 31
360 31
361 31
362 31
363 31
364 32
365 32
366 32
367 32
368 32
369 32
370 32
371 32
372 32
373 32
374 32
375 32
376 32
377 32
378 33
379 33
380 33
381 33
382 33
383 33
384 33
385 33
386 33
387 33
388 33
389 33
390 33
391 33
392 33
393 33
394 33
395 33
396 33
397 33
398 33
399 33
400 33
401 34
402 34
403 34
404 34
405 35
406 35
407 35
408 35
409 35
410 35
411 35
412 35
413 35
