0 -1069979.963331
1 -1057825.448125
2 -1056465.994950
3 -1055900.798210
4 -1055755.759146
5 -1055560.839185
6 -1055249.338838
7 -1054577.874231
8 -1054458.401300
9 -1053776.120560
10 -1053020.255731
11 -1052844.508006
12 -1050786.148932
13 -1050389.799591
14 -1049860.602064
15 -1049560.104737
16 -1048696.815334
17 -1048055.659410
18 -1047889.528433
19 -1047588.087872
20 -1047039.566777
21 -1046456.484855
22 -1046162.303812
23 -1046063.005714
24 -1045859.183807
25 -1045357.648134
26 -1044706.278161
27 -1044235.606385
28 -1043928.420246
29 -1043718.946391
30 -1043313.706383
31 -1042942.515004
32 -1042753.833291
33 -1042353.313834
34 -1042153.979377
35 -1042090.637123
36 -1041447.896950
37 -1041111.841770
38 -1040847.699969
39 -1040524.376339
40 -1040449.511165
41 -1040123.223826
42 -1039606.217909
43 -1038936.437983
44 -1038757.554140
45 -1038304.969281
46 -1037768.782216
47 -1037618.739585
48 -1037571.664537
49 -1037237.585877
50 -1037063.524174
51 -1036997.588313
52 -1036739.773526
53 -1036596.836014
54 -1036317.436212
55 -1036100.022683
56 -1035696.353289
57 -1035611.408833
58 -1035140.915783
59 -1034914.670123
60 -1034517.794192
61 -1034198.629055
62 -1033835.931464
63 -1033660.650469
64 -1033623.644533
65 -1033530.827550
66 -1033352.628423
67 -1033190.048113
