0 -1069979.963331
1 -1057825.448125
2 -1055815.524353
3 -1055293.637966
4 -1054991.992079
5 -1054566.086970
6 -1053974.702606
7 -1053766.781719
8 -1052889.854784
9 -1052412.994660
10 -1052110.290710
11 -1051831.628023
12 -1051138.157872
13 -1050693.247197
14 -1049271.643621
15 -1049015.246436
16 -1048201.264745
17 -1047308.082736
18 -1046633.771080
19 -1045898.112308
20 -1045783.588854
21 -1045168.999826
22 -1044456.120175
23 -1043877.460044
24 -1043553.124388
25 -1043132.223798
26 -1042935.190061
27 -1042406.016009
28 -1042250.247090
29 -1041753.892096
30 -1040999.251682
31 -1040430.345910
32 -1040157.308808
33 -1040129.302186
34 -1039700.253022
35 -1039443.096967
36 -1039020.355469
37 -1038991.997706
38 -1038967.477713
39 -1038622.558085
40 -1038280.623491
41 -1038121.150270
42 -1038100.723797
43 -1037759.789234
44 -1036954.398528
45 -1036695.143435
46 -1036339.332041
47 -1035942.322570
48 -1035195.197002
49 -1035120.621809
50 -1035043.124059
51 -1035027.898855
52 -1034959.324268
53 -1034351.686438
54 -1034252.539579
55 -1034022.714516
56 -1033588.642734
57 -1033464.083380
58 -1032873.881179
59 -1032160.948361
60 -1031989.951558
61 -1031962.444679
62 -1031358.600028
63 -1030841.046281
64 -1030619.139644
65 -1030288.208220
66 -1030231.211764
67 -1029891.460545
