0 -24103.121223936425
1 -24046.363039275326
2 -23634.786230004236
3 -22726.440769818193
4 -22561.908639876376
5 -21734.37593558016
6 -21354.352745562122
7 -20803.19543138365
8 -19614.56697392201
9 -19450.34544868923
10 -19145.97114270716
11 -19115.899946722024
12 -18876.41511247977
13 -18806.98666043767
14 -18756.104116803275
15 -18639.081132579096
16 -18583.614756479892
17 -18549.388544436388
18 -18537.614184586742
19 -18383.129863153314
20 -18351.957860578295
21 -18289.762256362406
22 -18230.47172989253
23 -18179.653677481263
24 -18138.298696762868
25 -18113.730282154418
26 -18040.768908951042
27 -17942.235170829357
28 -17944.616786852344
29 -17907.208611214282
30 -17902.949885716895
31 -17895.20398402361
32 -17889.333219397042
33 -17865.25452795746
34 -17860.624313695105
35 -17845.439557649483
36 -17828.22030590234
37 -17811.486040955617
38 -17788.573141255645
39 -17780.976871831823
40 -17766.01492128181
41 -17677.044392992935
42 -17677.57440866278
43 -17677.937903295442
44 -17678.52082924919
45 -17674.10451988881
46 -17664.00623441997
47 -17664.83277960059
48 -17665.75602125605
49 -17665.91277219316
50 -17659.07154684357
51 -17654.937364628255
52 -17653.231035268866
53 -17654.286509045887
54 -17655.728962948153
55 -17656.322205011293
56 -17652.444793764713
57 -17643.975660249253
58 -17628.199553728373
59 -17622.777120125163
60 -17623.712289229312
61 -17619.122678540676
62 -17619.978536291015
63 -17620.64904966008
64 -17616.561736132557
65 -17618.18635393573
66 -17619.0513418272
67 -17620.209696204187
68 -17610.6024153432
69 -17613.25706266307
70 -17609.949860258843
71 -17611.337675553095
72 -17612.33022346928
73 -17608.048997941063
74 -17608.463152783897
75 -17601.563975067947
76 -17602.17601706629
77 -17603.52255074606
78 -17603.826851954196
79 -17604.191850826788
80 -17599.10132720896
81 -17599.556801380353
82 -17598.620712251057
83 -17598.96822570205
84 -17600.15551340358
85 -17593.72406326909
86 -17594.289737650386
87 -17594.83519107482
88 -17595.083764478895
89 -17592.11288875202
90 -17586.905111671862
91 -17587.01805380808
92 -17581.9836517092
93 -17582.25067481132
94 -17582.875977892225
95 -17583.161748152783
96 -17583.362771986158
97 -17583.582021565075
98 -17583.891461993408
99 -17584.16342943728
100 -17584.3129991627
101 -17584.676358176603
102 -17585.032845709946
103 -17585.465818899578
104 -17585.71306484486
105 -17586.549087873827
106 -17586.593193451048
107 -17587.066418911978
108 -17587.249781328883
109 -17587.85936585566
110 -17588.14372584015
111 -17589.490828029913
112 -17584.589323280245
113 -17584.772545810265
114 -17585.648157403124
115 -17586.298672464265
116 -17586.756135427422
117 -17586.986538599704
118 -17587.246739423597
119 -17587.35417203192
120 -17587.9646246443
121 -17588.220136550048
122 -17588.703601010373
123 -17589.029836648177
124 -17590.51649593638
125 -17592.370471744303
126 -17592.59247703026
127 -17588.993212158224
128 -17589.133873244762
129 -17589.32788176078
130 -17589.700660955175
131 -17590.085441771866
132 -17590.858267825864
133 -17591.00032921169
134 -17591.219951403407
135 -17591.7209384704
136 -17593.866260332958
137 -17594.06268068786
138 -17594.207021298436
139 -17594.756863459428
140 -17595.451831836894
141 -17596.532954452185
142 -17596.83876746661
143 -17598.307048408926
144 -17599.296492663376
145 -17599.58624993255
146 -17600.446602313095
147 -17595.019122601083
148 -17595.402997066652
149 -17595.82538220905
150 -17596.32356204624
151 -17596.591931773964
152 -17589.400513727123
153 -17589.480316233476
154 -17584.238112346215
155 -17584.79276603055
156 -17584.91398620933
157 -17586.14859572596
158 -17586.333122806624
159 -17586.658304751694
160 -17586.887913918956
161 -17587.51293274427
162 -17587.926108874264
163 -17588.24098189678
164 -17585.800218485947
165 -17585.945715494465
166 -17586.094660974126
167 -17586.519835569437
168 -17583.38398887922
169 -17583.77660805216
170 -17584.11324594342
171 -17584.41414363282
172 -17584.953010697835
173 -17585.103619032125
174 -17586.10162980728
175 -17583.290036234248
176 -17580.75053978158
177 -17570.477715994533
178 -17570.745951929064
179 -17571.382629838394
180 -17572.17905525226
181 -17572.874600509356
182 -17569.613895347116
183 -17570.05900105542
