0 -24103.121223936425
1 -22920.711828930413
2 -22014.277501751283
3 -21185.986177509883
4 -20633.245222051577
5 -20335.416575021147
6 -19921.64599217725
7 -19686.95184535838
8 -19299.20855758981
9 -19132.975466366188
10 -18981.843910024607
11 -18812.617112327713
12 -18767.93163342944
13 -18706.913835579722
14 -18662.850610497066
15 -18532.971508451774
16 -18470.451506274323
17 -18399.52304740839
18 -18347.579081873995
19 -18293.245601104638
20 -18287.594310393404
21 -18243.14035003382
22 -18139.69233439834
23 -18046.859998827753
24 -18015.299994319423
25 -17955.54009070844
26 -17931.34670234687
27 -17895.974556229838
28 -17870.779069500655
29 -17838.603259227333
30 -17823.617708436483
31 -17804.765824916587
32 -17779.60358692903
33 -17741.555875354363
34 -17717.94665581218
35 -17705.457325891664
36 -17700.9601152578
37 -17705.86969725342
38 -17630.23977747003
39 -17628.567519512566
40 -17629.994563801865
41 -17612.56240443043
42 -17588.924655684776
43 -17591.889659953657
44 -17576.20121890998
45 -17570.180080117585
46 -17533.587463623928
47 -17532.61004646682
48 -17524.046667912855
49 -17506.66232544968
50 -17460.459756827266
51 -17431.17013601469
52 -17432.879369036506
53 -17417.12093578991
54 -17418.86599931082
55 -17414.17762085608
56 -17407.191363002592
57 -17399.44907203264
58 -17392.930273668248
59 -17366.31447864666
60 -17358.765316263318
61 -17351.49547640544
62 -17352.862886965733
63 -17341.555405946372
64 -17333.710291354535
65 -17324.636641610774
66 -17327.82569875839
67 -17322.427822283626
68 -17313.26228552113
69 -17304.714454358167
70 -17270.78628335179
71 -17270.72789114237
72 -17269.02767259289
73 -17253.564653864356
74 -17254.989682653013
75 -17245.828147093634
76 -17241.02332720706
77 -17242.84976838157
78 -17243.93439738209
79 -17234.454469071337
80 -17229.161959966063
81 -17230.603107356248
82 -17222.00375664969
83 -17218.095913332945
84 -17218.739482554753
85 -17211.132308795495
86 -17212.819727711594
87 -17215.153768972512
88 -17208.790233576245
89 -17209.550139219653
90 -17210.989460183624
91 -17212.036402417667
92 -17212.510176764303
93 -17213.805285813014
94 -17212.906323986605
95 -17208.400566339493
96 -17209.814805393828
97 -17206.773592871265
98 -17208.066136194415
99 -17202.898851565114
100 -17191.99962151743
101 -17194.063401954205
102 -17188.803721480464
103 -17184.70440683142
104 -17186.53384317741
105 -17175.93708340549
106 -17142.469038198586
107 -17144.399534949418
108 -17134.69843370945
109 -17126.218621068303
110 -17127.366067746905
111 -17110.915182763452
112 -17112.76478779256
113 -17114.05205767509
114 -17114.464498360183
115 -17103.163667798544
116 -17100.27576633638
117 -17091.47997311043
118 -17092.906270425006
119 -17094.21177810753
120 -17091.859474863755
121 -17088.586992935318
122 -17089.861825143802
123 -17092.1757977986
124 -17092.802117908584
125 -17093.61917289087
126 -17091.540537646284
127 -17092.70967318631
128 -17093.632209726595
129 -17094.23568734997
130 -17095.125211785646
131 -17096.450172361623
132 -17094.146952070336
133 -17094.968940557406
134 -17095.735380499133
135 -17096.58641385336
136 -17097.69649435436
137 -17087.97835591885
138 -17083.849622312453
139 -17074.469015315404
140 -17075.335648958928
141 -17077.212718215167
142 -17078.363892308334
143 -17079.792554083822
144 -17082.50252756341
145 -17082.58041674573
146 -17083.375862361907
147 -17085.864552405335
148 -17087.17507580183
149 -17087.138871221676
150 -17085.668697731497
151 -17073.409270235643
152 -17063.183111280938
153 -17064.25379874346
154 -17064.508996263183
155 -17065.67100452425
156 -17066.18598559439
157 -17066.70836518046
158 -17067.47930862981
159 -17067.703961143696
160 -17063.533214932904
161 -17058.6724259597
162 -17059.379297364983
163 -17055.922309553385
164 -17047.627573343845
165 -17045.18386103869
166 -17045.950430784113
167 -17039.409268455413
168 -17039.711275431786
169 -17040.78170964831
170 -17041.617289155154
171 -17038.613943892222
172 -17039.308127557546
173 -17039.671732825278
174 -17040.199991017962
175 -17040.806534200932
176 -17041.27541651839
177 -17041.73090499278
178 -17042.085283474375
179 -17039.02100025782
180 -17039.552015322133
181 -17040.013301270046
182 -17040.588319077066
183 -17041.700213256867
