0 -213993.62384700647
1 -213964.3854401188
2 -213906.5475494574
3 -213885.78855402395
4 -213799.15606402454
5 -213780.23773213962
6 -213712.56295505067
7 -213681.33051403557
8 -213668.5496408039
9 -213645.40571591904
10 -213600.97615289263
11 -213580.9879257454
12 -213563.54447887753
13 -213556.4656775296
14 -213508.44391325582
15 -213243.03730885513
16 -213126.79841764813
17 -213118.3288889334
18 -213076.60019043263
19 -213061.21988192768
20 -212977.89711995027
21 -212942.84689847252
22 -212940.34237867425
23 -212883.44667515092
24 -212777.69283552578
25 -212693.3731364957
26 -212662.91573713522
27 -212612.8429026953
28 -212552.6184787841
29 -212496.45696882805
30 -212465.86306517257
31 -212460.0591241175
32 -212415.15103500086
33 -212291.00388962388
34 -209777.14164117698
35 -209751.6859194442
36 -209741.8876031628
37 -209739.59068316678
38 -209736.5087548606
39 -209673.1343822832
40 -209574.25903413584
41 -209502.1135418766
42 -209325.96490068804
43 -209223.29651223583
44 -209130.2146288866
45 -208984.72409729887
46 -208877.11164628348
47 -208822.19640447863
48 -208664.60230539122
49 -208651.52237863137
50 -208651.7390375693
51 -208599.09554206353
52 -208532.33468760434
53 -208530.20221588173
54 -208530.66754056019
55 -208498.13356118335
56 -208496.26217734147
57 -208496.49304178616
58 -208482.8953576794
59 -208368.16686402328
60 -208365.22212968353
61 -208179.93060776632
62 -208162.8170544475
63 -208121.80015328896
64 -208077.08669490548
65 -208077.22683528846
66 -208076.23694148767
