0 -24103.121223936425
1 -24046.363039275326
2 -23881.2475965775
3 -23851.717166606966
4 -23840.290788370923
5 -23842.628550433335
6 -23814.364842472103
7 -23744.647164838185
8 -23692.5144497158
9 -23693.017830376448
10 -23311.609354843975
11 -23312.008025847455
12 -23312.563123654512
13 -23282.745770810776
14 -23120.658743115095
15 -23007.665479413357
16 -22597.405734318836
17 -22543.628974281502
18 -22544.440801982902
19 -22540.236314303453
20 -22531.534201312094
21 -22532.431425379476
22 -22532.56088405019
23 -22529.15774733108
24 -22530.04256694365
25 -21979.017468373033
26 -21979.51852249217
27 -21979.80386090542
28 -21980.154706814104
29 -21976.06951417308
30 -21976.506179532367
31 -21976.83184790416
32 -21977.374349915215
33 -21970.064691764925
34 -21970.856393585425
35 -21971.378304814156
36 -21971.602895146916
37 -21967.94395887385
38 -21963.95831049603
39 -21964.065579605354
40 -21960.18965008157
41 -21960.43362420812
42 -21961.035276706818
43 -21961.297155395707
44 -21961.415746483046
45 -21957.691211867063
46 -21957.93769566643
47 -21958.061561520815
48 -21958.345572964718
49 -21958.67475135734
50 -21959.068439517167
51 -21959.28768689443
52 -21959.278918846398
53 -21959.61633836874
54 -21959.768801509555
55 -21960.020340539642
56 -21953.488130334066
57 -21949.66000373122
58 -21949.80933648166
59 -21950.22010391911
60 -21950.41217331909
61 -21950.63369485017
62 -21951.160067969668
63 -21951.230280847496
64 -21951.80116710351
65 -21952.44454793774
66 -21952.62823675666
67 -21952.97760853211
68 -21953.262780488418
69 -21949.926997944985
70 -21950.01935124965
71 -21950.164838314715
72 -21123.236244279033
73 -21116.09697951982
74 -20208.526945866197
75 -20209.36956984112
76 -20209.69641139704
77 -20210.035572427005
78 -20210.122690006545
79 -20210.294433488856
80 -20210.741801982756
81 -20210.886951938024
82 -20189.908892216143
83 -20189.98874328644
84 -20190.185988535068
85 -20177.72699853341
86 -20177.956231221186
87 -20178.866694259104
88 -20176.391679944863
89 -20176.689298481808
90 -20177.024014430095
91 -20178.52210908745
92 -20178.981636490447
93 -20147.097905693878
94 -20147.304226721077
95 -20143.758934268248
96 -20144.14373657603
97 -20144.14002207101
98 -20081.261458943194
99 -20065.73393279089
100 -20066.221667877675
101 -20066.27518280708
102 -20066.391540450557
103 -20066.646892250308
104 -20066.805922964726
105 -20067.347436040724
106 -20067.661774285498
107 -20067.875269943892
108 -20066.51108947158
109 -20019.79081434375
110 -19983.714412362304
111 -19939.84564657223
112 -19721.953631678407
113 -19690.14540169562
114 -19340.670857395544
115 -19340.749837676514
116 -19340.922607989796
117 -19341.41781145682
118 -19174.782750089784
119 -19175.10804178674
120 -19175.3918344236
121 -19175.60981793604
122 -19176.077468187406
123 -19172.75615812649
124 -19172.944654622454
125 -19173.165372160664
126 -19079.98264433874
127 -19071.683059153554
128 -19071.83270168559
129 -19072.14713790563
130 -19072.692015731333
131 -19073.314085700054
132 -19073.587468742156
133 -19073.77399139845
134 -19073.866796631737
135 -19059.997163470165
136 -19060.329297458527
137 -19060.978597334022
138 -17794.1720346509
139 -17796.845319061962
140 -17797.102774069645
141 -17797.41750459108
142 -17793.89837081609
143 -17794.132268696358
144 -17769.736526495708
145 -17770.357607631664
146 -17764.089995992075
147 -17764.3142542679
148 -17764.364481124245
149 -17760.985538206587
150 -17746.397984082574
151 -17747.822632639334
152 -17748.076457419033
153 -17749.971088228882
154 -17750.667984853677
155 -17751.168453351234
156 -17751.468145182742
157 -17751.906957743573
158 -17748.15176019647
159 -17732.317342235336
160 -17732.406640533172
161 -17732.5245263365
162 -17732.882950564974
163 -17733.64483257801
164 -17734.448922262745
165 -17735.845212334876
166 -17736.196177760015
167 -17736.532087646843
168 -17737.170491133216
169 -17732.936761690333
170 -17709.205091887798
171 -17709.5753987897
172 -17709.98534322022
173 -17710.74362818248
174 -17711.07658432189
175 -17711.59131662378
176 -17711.69522506245
177 -17712.290241348575
178 -17712.552288826464
179 -17714.23479649251
180 -17715.247319461898
181 -17715.569939742138
182 -17708.743658658113
183 -17709.99895433007
