0 -213993.62384700647
1 -211525.54018498794
2 -211437.37217620597
3 -211166.00942823652
4 -211136.35243444942
5 -211077.6668637044
6 -211008.758661816
7 -210889.9817637545
8 -210868.78302878403
9 -210741.21291325157
10 -210408.97803095047
11 -210350.16773071565
12 -210175.6882613161
13 -210151.70641733575
14 -210064.02714809455
15 -209887.97380645206
16 -209842.14382042637
17 -209742.62533883646
18 -209586.8803347539
19 -209499.83735058826
20 -209440.2863752782
21 -209294.50477605307
22 -209181.74864959042
23 -209172.39407907642
24 -209068.15764254364
25 -208973.6539621388
26 -208923.03098753234
27 -208869.39331072714
28 -208832.08516834816
29 -208720.560804096
30 -208654.76548880033
31 -208579.92601834028
32 -208547.2154939414
33 -208502.747885929
34 -208395.39196369922
35 -208284.81417096697
36 -208228.16493502248
37 -208178.6620552097
38 -208116.7436276991
39 -208062.13177438715
40 -208042.18137858057
41 -207972.76686562158
42 -207909.6986123489
43 -207777.6328081896
44 -207687.36043882256
45 -207665.8397918808
46 -207613.2881175356
47 -207579.37815870062
48 -207551.5705555906
49 -207517.5303890218
50 -207450.5920140723
51 -207406.16852704936
52 -207370.5512802638
53 -207356.7500257457
54 -207289.67406248816
55 -207272.29282665643
56 -207237.22423569515
57 -207218.00120959253
58 -207155.42457121745
59 -207042.17637340707
60 -206992.28183858452
61 -206913.93654220033
62 -206893.35051792458
63 -206825.7039104164
64 -206814.13331210503
65 -206806.19529642587
66 -206772.9505006263
