0 -213993.62384700647
1 -211525.54018498794
2 -211199.4450655335
3 -211097.65039717813
4 -211023.31230113894
5 -210972.36864197993
6 -210873.08455960467
7 -210832.48227153905
8 -210775.8794056426
9 -210596.19762263258
10 -210545.01264527751
11 -210498.49848376002
12 -210379.33807822183
13 -210292.77089310074
14 -210010.2802921764
15 -209946.74289673305
16 -209763.4682186704
17 -209582.03288617666
18 -209420.22391563695
19 -209282.9747377948
20 -209253.26256909024
21 -209101.27024397688
22 -209034.45140017677
23 -208928.9671231263
24 -208877.5831297689
25 -208715.4472158763
26 -208606.47185881008
27 -208576.66164230104
28 -208512.13213219825
29 -208464.9360484588
30 -208365.6192600843
31 -208192.55957992567
32 -208159.0258651272
33 -208152.55789093662
34 -208150.15650795132
35 -208071.54678438403
36 -208011.63152092585
37 -207897.51159037458
38 -207873.91442925157
39 -207802.00781550622
40 -207745.3698766919
41 -207738.05967724748
42 -207678.76015997538
43 -207675.66605534795
44 -207603.61894174453
45 -207558.89898421362
46 -207556.64840382838
47 -207486.34386630624
48 -207355.3898351056
49 -207164.817449024
50 -207149.81527110114
51 -207131.25434049976
52 -207016.0222749075
53 -206998.01683895238
54 -206978.76486017322
55 -206928.4692945746
56 -206833.49226048408
57 -206701.13709842687
58 -206578.94897378053
59 -206547.45097640195
60 -206453.3642888422
61 -206416.6769136921
62 -206328.29066938197
63 -206323.69643791154
64 -206287.34314290015
65 -206229.92996269788
66 -206199.3585312187
