0 -268427.667390
1 -262972.834747
2 -257971.191456
3 -253140.283320
4 -249957.615359
5 -248239.509838
6 -245821.662805
7 -243700.576602
8 -242205.229147
9 -241236.374541
10 -240444.718745
11 -239533.938450
12 -237986.687423
13 -237761.773038
14 -237270.362578
15 -237001.965935
16 -236563.234993
17 -236204.084970
18 -236032.760522
19 -235706.793382
20 -235364.705928
21 -235051.704404
22 -234745.714844
23 -234448.249939
24 -234151.787143
25 -234036.397780
26 -233704.297079
27 -233507.303668
28 -233297.207376
29 -233174.412903
30 -232959.194547
31 -232899.789872
32 -232741.962970
33 -232636.504881
34 -232554.926276
35 -232382.156283
36 -232309.277289
37 -232141.261502
38 -231980.546538
39 -231711.207798
40 -231687.697387
41 -231535.312116
42 -231390.855413
43 -231249.214634
44 -231102.617022
45 -230996.799660
46 -230871.274993
47 -230802.281346
48 -230705.308145
49 -230643.983985
50 -230529.010122
51 -230481.377176
52 -230348.244308
53 -230238.682789
54 -230160.891454
55 -230103.499719
56 -229940.132985
57 -229811.491689
58 -229761.037352
59 -229649.590726
60 -229528.491909
61 -229458.777250
62 -229368.778871
63 -229276.129686
64 -229180.075252
65 -229079.240463
66 -229066.248342
67 -228896.745462
68 -228881.907450
69 -228790.902124
70 -228770.901997
71 -228688.286940
72 -228610.000454
73 -228571.114697
74 -228550.739109
75 -228474.098325
76 -228396.056593
77 -228315.479456
78 -228309.611276
79 -228275.137202
80 -228234.814008
81 -228210.514845
82 -228132.835685
83 -228106.376355
84 -228028.656265
85 -227948.295744
86 -227915.846270
87 -227861.512413
88 -227752.250572
89 -227686.452080
90 -227619.706212
91 -227521.260753
92 -227515.019210
93 -227496.520609
94 -227461.913886
95 -227415.674755
96 -227391.056646
97 -227369.440296
98 -227348.698736
99 -227326.896346
100 -227265.309853
101 -227202.379184
102 -227180.238667
103 -227158.443694
104 -227138.123543
105 -227128.716711
106 -227117.701015
107 -227070.044373
108 -227039.147078
109 -227023.595523
110 -226989.972307
111 -226953.242995
112 -226897.828551
113 -226880.901744
114 -226843.094837
115 -226797.044032
116 -226777.198105
117 -226730.785692
118 -226689.168621
119 -226653.838219
120 -226598.688221
121 -226585.353895
122 -226540.943244
123 -226525.418204
124 -226514.109926
125 -226513.892219
126 -226495.141071
127 -226485.458257
128 -226444.769307
129 -226412.714687
130 -226386.452399
131 -226364.145426
132 -226346.446900
133 -226317.772113
134 -226293.394301
135 -226277.503374
136 -226262.941585
137 -226214.506633
138 -226192.385935
139 -226156.495371
140 -226152.010380
141 -226130.077549
142 -226119.722167
143 -226089.310625
144 -226050.384521
145 -226010.903346
146 -225952.215586
147 -225942.599050
148 -225879.921210
149 -225868.156874
150 -225852.093673
151 -225835.781425
152 -225820.320340
153 -225782.276962
154 -225744.588534
155 -225682.514385
156 -225667.636859
157 -225660.013324
158 -225654.035931
159 -225624.966459
160 -225623.590316
161 -225590.600271
162 -225566.017309
163 -225543.320613
164 -225518.404276
165 -225495.552367
166 -225489.071382
167 -225472.073223
168 -225450.887688
169 -225421.549736
170 -225412.043694
171 -225389.388642
172 -225373.211890
173 -225349.458561
174 -225322.356128
175 -225304.120136
176 -225288.782880
177 -225250.750484
178 -225212.475029
179 -225200.569754
180 -225170.614124
181 -225132.999806
182 -225103.041367
183 -225092.568585
184 -225072.882335
185 -225061.507866
186 -225036.528975
187 -225018.743815
188 -225011.960388
189 -224982.048615
190 -224915.567398
191 -224849.372603
192 -224830.340689
193 -224820.714251
194 -224810.819217
195 -224809.008449
196 -224798.800268
197 -224787.077351
198 -224780.627506
199 -224752.349255
200 -224741.056509
201 -224728.450296
202 -224720.623529
203 -224712.212018
204 -224664.187917
205 -224655.007789
206 -224642.462100
207 -224587.446861
208 -224556.826880
209 -224535.715712
210 -224529.202910
211 -224500.065598
212 -224493.079233
213 -224460.137296
214 -224428.000815
215 -224421.243270
216 -224384.849618
217 -224352.620011
218 -224299.454165
219 -224292.483041
220 -224281.703000
221 -224272.928566
222 -224267.404917
223 -224261.633039
224 -224260.245392
225 -224255.364499
226 -224235.466277
227 -224217.102644
228 -224213.863834
229 -224209.803617
230 -224199.291419
231 -224186.928574
232 -224185.665915
233 -224165.279094
234 -224149.800272
235 -224132.513157
236 -224120.090269
237 -224101.817914
238 -224061.365340
239 -224042.334392
240 -224035.459494
241 -224012.550133
242 -223997.546601
243 -223981.350363
244 -223962.312400
245 -223949.324455
246 -223931.388729
247 -223910.451527
248 -223894.729614
249 -223862.821150
250 -223852.924970
251 -223840.161922
252 -223830.089005
253 -223817.346555
254 -223806.715422
255 -223791.846295
256 -223778.002593
257 -223767.344263
258 -223759.721748
259 -223751.688292
260 -223744.718380
261 -223743.023446
262 -223728.531703
263 -223698.849508
264 -223689.416321
265 -223676.330171
266 -223663.396505
267 -223642.973132
268 -223634.141783
269 -223618.066522
270 -223582.578647
271 -223569.109750
272 -223487.976508
273 -223476.665961
274 -223466.823114
275 -223454.292537
276 -223441.044859
277 -223431.988444
278 -223422.624877
279 -223414.192597
280 -223402.768085
281 -223391.580384
282 -223385.324073
283 -223372.042164
284 -223362.338284
285 -223340.710611
286 -223331.262191
287 -223322.064544
288 -223308.578703
289 -223297.947996
290 -223287.661268
291 -223269.623434
292 -223255.640455
293 -223248.876205
294 -223242.172576
295 -223233.810550
296 -223228.634543
297 -223223.069719
298 -223217.056560
299 -223209.484416
300 -223202.346426
301 -223192.517265
302 -223186.671995
303 -223179.871237
304 -223172.063088
305 -223167.553455
306 -223159.901381
307 -223149.602781
308 -223141.407000
309 -223130.186543
310 -223121.876911
311 -223115.854932
312 -223114.344347
313 -223109.337351
314 -223106.362954
315 -223078.172475
316 -223038.994742
317 -222976.233248
318 -222951.463401
319 -222926.314897
320 -222885.051712
321 -222845.692246
322 -222822.969484
323 -222794.294859
324 -222790.636666
325 -222782.777006
326 -222770.883798
327 -222759.640127
328 -222724.231381
329 -222686.843960
330 -222677.264021
331 -222667.678115
332 -222656.653749
333 -222613.977935
334 -222604.388766
335 -222595.914247
336 -222590.448725
337 -222578.204135
338 -222571.370482
339 -222548.066814
340 -222524.800474
341 -222519.493836
342 -222519.489224
343 -222512.476599
344 -222508.108138
345 -222489.001184
346 -222486.446214
347 -222484.124462
348 -222475.097290
349 -222470.434888
350 -222447.386601
351 -222445.027660
352 -222438.596913
353 -222429.456494
354 -222403.650394
355 -222390.093501
356 -222376.747107
357 -222364.248421
358 -222350.261776
359 -222337.452325
360 -222330.872023
361 -222321.448660
362 -222308.623751
363 -222295.798120
364 -222282.620440
365 -222268.628752
366 -222251.074230
367 -222244.944628
368 -222243.337804
369 -222237.600363
370 -222234.551520
371 -222222.344351
372 -222208.350916
373 -222180.801511
374 -222166.328320
375 -222156.751080
376 -222147.022421
377 -222133.026972
378 -222119.030791
379 -222091.701605
380 -222064.790899
381 -222037.039447
382 -221993.046543
383 -221979.286459
384 -221971.274858
385 -221959.065924
386 -221945.070717
387 -221936.174800
388 -221927.452120
389 -221917.563941
390 -221903.993391
391 -221890.422103
392 -221879.639339
393 -221869.748377
394 -221859.346482
395 -221845.344637
396 -221837.815869
397 -221824.625824
398 -221811.049351
399 -221798.531778
400 -221784.526215
401 -221770.947506
402 -221759.156962
403 -221746.934700
404 -221736.338347
405 -221723.816291
406 -221710.619526
407 -221702.590951
408 -221690.642419
409 -221677.443401
410 -221666.647218
411 -221657.606507
412 -221646.398160
413 -221634.532763
414 -221622.580021
415 -221612.846240
416 -221599.256248
417 -221585.665363
418 -221575.071133
419 -221566.812244
420 -221555.113781
421 -221553.042435
422 -221544.530350
423 -221536.143848
424 -221526.404628
425 -221514.005377
426 -221506.153585
427 -221492.127694
428 -221485.278574
429 -221474.663362
430 -221463.710658
431 -221451.584815
432 -221443.046497
433 -221432.600972
434 -221424.747157
435 -221412.202345
436 -221399.583282
437 -221387.452797
438 -221374.231693
439 -221366.465990
440 -221356.072276
441 -221346.083455
442 -221335.505067
443 -221321.894675
444 -221308.457529
445 -221298.834512
446 -221292.178424
447 -221283.579766
448 -221275.581954
449 -221270.990266
450 -221265.113662
451 -221255.485971
452 -221247.485237
453 -221229.325616
454 -221219.659026
455 -221213.094218
456 -221204.533709
457 -221196.166721
458 -221191.561304
459 -221187.278815
460 -221183.890944
461 -221180.193232
462 -221170.570955
463 -221160.406122
464 -221147.840319
465 -221135.700905
466 -221126.406709
467 -221096.101092
468 -221088.598122
469 -221081.788343
470 -221069.665105
471 -221061.255484
472 -221053.064710
473 -221032.413098
474 -221021.767993
475 -221014.156016
476 -221006.808717
477 -220995.965857
478 -220944.368050
479 -220933.525889
480 -220924.397841
481 -220885.190025
482 -220874.883018
483 -220864.506522
484 -220851.258706
485 -220843.985446
486 -220823.902187
487 -220802.382417
488 -220778.183939
489 -220771.306250
490 -220753.365125
491 -220748.792735
492 -220742.112040
493 -220728.863821
494 -220721.153376
495 -220711.842883
496 -220694.028481
497 -220676.330879
498 -220657.368380
499 -220651.907798
500 -220646.180735
501 -220640.349774
502 -220633.835645
503 -220626.690261
504 -220621.295265
505 -220601.366902
506 -220584.031795
507 -220554.711581
508 -220535.772116
509 -220516.346389
510 -220497.274487
511 -220478.609960
512 -220458.919252
513 -220428.201780
514 -220409.036928
515 -220389.875415
516 -220371.724342
517 -220364.508506
518 -220346.183238
519 -220313.244702
520 -220308.742210
521 -220304.310297
522 -220297.215389
523 -220287.891998
524 -220279.175847
525 -220269.870795
526 -220261.040070
527 -220252.964059
528 -220244.595458
529 -220237.121841
530 -220225.784909
531 -220215.946532
532 -220200.392805
533 -220192.226957
534 -220187.356984
535 -220175.048842
536 -220162.150270
537 -220151.884279
538 -220143.310806
539 -220133.799671
540 -220125.417812
541 -220115.509835
542 -220102.619223
543 -220091.344888
544 -220059.773609
545 -220052.432490
546 -220048.050470
547 -220039.933848
548 -220028.143557
549 -220000.875576
550 -219996.179972
551 -219987.499661
552 -219978.034920
553 -219958.152578
554 -219946.068177
555 -219940.955070
556 -219934.793506
557 -219931.776272
558 -219926.516995
559 -219921.476952
560 -219916.900902
561 -219914.196676
562 -219909.838009
563 -219906.593282
564 -219903.289105
565 -219897.400109
566 -219893.456247
567 -219889.817373
568 -219885.543091
569 -219879.046827
570 -219874.612378
571 -219869.660030
572 -219867.371210
573 -219862.909915
574 -219860.724701
575 -219854.168178
576 -219853.964305
577 -219847.580864
578 -219842.152966
579 -219835.348641
580 -219830.891216
581 -219825.427261
582 -219821.242239
583 -219815.268367
584 -219810.246406
585 -219806.535862
586 -219800.787779
587 -219795.357367
588 -219788.840811
589 -219788.130556
590 -219786.139147
591 -219782.009827
592 -219778.864416
593 -219778.251578
594 -219766.752073
595 -219764.758570
596 -219751.061415
597 -219717.534811
598 -219687.331542
599 -219682.261841
600 -219661.347262
601 -219654.626386
602 -219645.573796
603 -219639.953001
604 -219628.409863
605 -219619.985805
606 -219618.241357
607 -219615.990371
608 -219608.414163
609 -219599.917005
610 -219590.889395
611 -219585.681615
612 -219583.866041
613 -219579.837211
614 -219572.310704
615 -219570.843862
616 -219563.121887
617 -219556.329267
618 -219552.100132
619 -219548.481407
620 -219547.742905
621 -219542.411154
622 -219541.468928
623 -219522.605196
624 -219517.533240
625 -219510.462275
626 -219508.384313
627 -219504.538584
628 -219497.000236
629 -219491.515943
630 -219490.964862
631 -219484.166576
632 -219477.497827
633 -219472.764466
634 -219467.963455
635 -219462.672977
636 -219458.300001
637 -219453.226609
638 -219450.792058
639 -219449.028897
640 -219440.874015
641 -219430.378614
642 -219419.697363
643 -219412.612934
644 -219406.768409
645 -219399.138705
646 -219397.920326
647 -219397.109532
648 -219392.918291
649 -219388.720340
650 -219380.623039
651 -219370.975424
652 -219361.665117
653 -219322.018028
654 -219311.180966
655 -219305.294428
656 -219294.680337
657 -219289.105847
658 -219270.569194
659 -219250.678183
660 -219233.862168
661 -219218.374798
662 -219202.115394
663 -219198.861179
664 -219175.572682
665 -219158.365914
666 -219138.807170
667 -219118.108640
668 -219099.943315
669 -219074.843949
670 -219057.819886
671 -219042.631654
672 -219025.515290
673 -219008.929327
674 -218982.132816
675 -218954.762814
676 -218928.375212
677 -218900.596353
678 -218873.653667
679 -218833.928381
680 -218795.262971
681 -218767.729812
682 -218749.776638
683 -218729.187956
684 -218710.728514
685 -218702.250933
686 -218685.294039
687 -218664.678952
688 -218643.804828
689 -218633.868585
690 -218627.498060
691 -218621.232531
692 -218616.846375
693 -218610.316994
694 -218608.276706
695 -218592.655764
696 -218590.020624
697 -218576.319417
698 -218554.925577
699 -218549.765630
700 -218543.897699
701 -218518.815549
702 -218507.334140
703 -218497.620687
704 -218484.302294
705 -218478.511162
706 -218470.794771
707 -218462.573314
708 -218457.984219
709 -218441.872724
710 -218433.995109
711 -218425.828618
712 -218415.840091
713 -218411.172705
714 -218403.402038
715 -218393.059261
716 -218386.452531
717 -218384.473878
718 -218378.967174
719 -218371.920238
720 -218365.972900
721 -218363.345162
722 -218359.206067
723 -218341.035040
724 -218335.160285
725 -218327.093233
726 -218319.422539
727 -218314.174892
728 -218297.058207
729 -218279.647812
730 -218274.150157
731 -218256.197707
732 -218215.801126
733 -218198.116264
734 -218168.368289
735 -218152.117115
736 -218123.602029
737 -218095.947893
738 -218065.820330
739 -218049.950141
740 -218040.137343
741 -218031.483800
742 -218021.200518
743 -218017.451070
744 -218007.086222
745 -218002.815930
746 -217991.924716
747 -217986.890009
748 -217976.838581
749 -217963.503060
750 -217959.920885
751 -217954.665863
752 -217948.308389
753 -217944.212560
754 -217938.665541
755 -217935.413209
756 -217934.163454
757 -217930.486009
758 -217925.307098
759 -217920.121171
760 -217914.742513
761 -217912.602432
762 -217909.593820
763 -217905.626377
764 -217900.015677
765 -217896.123197
766 -217892.308198
767 -217889.907734
768 -217860.592568
769 -217845.109255
770 -217840.580846
771 -217837.039368
772 -217832.614614
773 -217807.131290
774 -217807.163015
775 -217802.835239
776 -217798.150337
777 -217793.811037
778 -217779.426581
779 -217776.735565
780 -217733.742925
781 -217730.215397
782 -217722.284706
783 -217716.742257
784 -217703.906449
785 -217694.939614
786 -217681.439760
787 -217675.797447
788 -217669.994699
789 -217663.615181
790 -217657.446704
791 -217652.561545
792 -217630.853365
793 -217614.928971
794 -217608.760541
795 -217603.117235
796 -217596.736983
797 -217582.762237
798 -217568.787101
799 -217562.983585
800 -217556.603298
801 -217551.366580
802 -217545.389548
803 -217531.415480
804 -217524.219366
805 -217503.798480
806 -217498.449924
807 -217493.220681
808 -217487.415898
809 -217481.864929
810 -217476.599882
811 -217470.217801
812 -217463.298592
813 -217449.326537
814 -217444.042638
815 -217432.120428
816 -217427.615201
817 -217423.464111
818 -217417.657714
819 -217409.499714
820 -217406.762634
821 -217402.823243
822 -217397.324818
823 -217389.302302
824 -217378.134061
825 -217373.003614
826 -217367.833515
827 -217353.861242
828 -217348.414778
829 -217342.433518
830 -217337.957615
831 -217335.570267
832 -217332.598316
833 -217330.892438
834 -217328.621124
835 -217325.782333
836 -217323.407688
837 -217321.030818
838 -217318.739076
839 -217302.809468
840 -217300.857922
841 -217298.004989
842 -217294.306406
843 -217269.331286
844 -217268.683277
845 -217263.973624
846 -217254.179949
847 -217243.283072
848 -217241.004047
849 -217234.924189
850 -217229.086748
851 -217219.232365
852 -217212.341510
853 -217207.483844
854 -217194.781620
855 -217188.801099
856 -217175.998734
857 -217169.823822
858 -217164.351795
859 -217158.541558
860 -217153.039452
861 -217148.150079
862 -217146.479594
863 -217144.842435
864 -217139.981533
865 -217121.526647
866 -217109.258611
867 -217098.226135
868 -217092.990406
869 -217087.179125
870 -217084.945574
871 -217078.969375
872 -217074.530689
873 -217069.739430
874 -217065.970275
875 -217061.110087
876 -217056.306312
877 -217052.260599
878 -217049.853104
879 -217043.469054
880 -217018.017273
881 -216998.118778
882 -216991.568249
883 -216984.304303
884 -216969.014787
885 -216967.367237
886 -216960.976655
887 -216948.096703
888 -216940.068040
889 -216916.762364
890 -216911.143592
891 -216906.247589
892 -216904.377874
893 -216899.586297
894 -216895.952346
895 -216893.707703
896 -216887.315527
897 -216873.624681
898 -216859.359962
899 -216825.986024
900 -216819.805806
901 -216818.528651
902 -216806.300777
903 -216793.842237
904 -216788.557586
905 -216778.455315
906 -216761.566803
907 -216756.671427
908 -216751.663208
909 -216746.417058
910 -216739.798207
911 -216733.405886
912 -216729.601375
913 -216725.071124
914 -216719.886659
915 -216701.938539
916 -216697.665774
917 -216695.617840
918 -216690.115461
919 -216678.672099
920 -216674.473258
921 -216669.411105
922 -216665.656697
923 -216657.331857
