0 -268427.667390
1 -268102.048336
2 -265711.281172
3 -264815.938719
4 -260007.331515
5 -255006.926391
6 -252906.512777
7 -249731.481322
8 -244196.334210
9 -243232.377856
10 -243155.206841
11 -241419.989523
12 -239918.843089
13 -239593.015839
14 -239100.478846
15 -239054.880776
16 -238714.112785
17 -238274.490139
18 -238227.206361
19 -238194.508611
20 -237998.610154
21 -237201.847747
22 -236992.365214
23 -236956.745401
24 -236927.648393
25 -236899.638756
26 -236869.983270
27 -236847.286830
28 -236818.432032
29 -236713.225755
30 -236675.688233
31 -236555.697498
32 -236393.326606
33 -236361.480220
34 -236193.855433
35 -236097.426806
36 -236070.533394
37 -235918.435830
38 -235645.785832
39 -235297.025153
40 -235276.237260
41 -235198.598249
42 -235163.395603
43 -235143.135800
44 -235128.818581
45 -234827.107893
46 -234802.252054
47 -234509.950554
48 -234227.518769
49 -234207.703134
50 -233929.371679
51 -233915.922830
52 -233902.046134
53 -233888.169053
54 -233874.291587
55 -233860.413736
56 -233846.535500
57 -233832.656878
58 -233818.777870
59 -233804.898475
60 -233791.018694
61 -233724.734162
62 -233711.490477
63 -233686.932597
64 -233663.227709
65 -233650.156393
66 -233636.699154
67 -233617.727536
68 -233604.269318
69 -233590.810707
70 -233577.351703
71 -233563.892307
72 -233544.917449
73 -233531.457069
74 -233441.200448
75 -233348.294975
76 -233251.986225
77 -233150.899108
78 -233137.428759
79 -233112.511107
80 -233099.522380
81 -233070.812723
82 -233057.916321
83 -233044.617322
84 -233024.261795
85 -233005.738546
86 -232992.649232
87 -232979.559512
88 -232966.469384
89 -232953.378849
90 -232940.287906
91 -232927.196554
92 -232914.104794
93 -232901.012624
94 -232888.284376
95 -232870.040353
96 -232847.382824
97 -232723.137090
98 -232710.387119
99 -232697.636731
100 -232674.902331
101 -232656.989247
102 -232644.236975
103 -232467.376375
104 -232455.071613
105 -232424.002766
106 -232317.044952
107 -232273.231316
108 -232261.046046
109 -232248.593388
110 -232236.140289
111 -232223.686750
112 -232211.232771
113 -232198.778351
114 -232049.339613
115 -232026.390403
116 -232014.256366
117 -231987.826079
118 -231970.499047
119 -231958.462886
120 -231946.414987
121 -231934.366638
122 -231922.347312
123 -231910.180470
124 -231898.013178
125 -231885.845435
126 -231752.822821
127 -231718.724752
128 -231706.914782
129 -231695.102497
130 -231654.360768
131 -231641.575800
132 -231512.725012
133 -231381.576546
134 -231360.250085
135 -231348.493016
136 -231327.274491
137 -231302.676856
138 -231286.560273
139 -231270.291543
140 -231258.636120
141 -231247.222604
142 -231212.130387
143 -231200.874669
144 -231188.957089
145 -231177.541189
146 -231166.365563
147 -231134.259272
148 -231118.461637
149 -231107.083514
150 -231095.379759
151 -231025.173511
152 -231005.320219
153 -230925.053314
154 -230918.760053
155 -230912.466669
156 -230906.173162
157 -230899.879533
158 -230884.286832
159 -230877.992711
160 -230871.698466
161 -230865.404099
162 -230859.109608
163 -230852.814994
164 -230845.336640
165 -230839.041779
166 -230832.242188
167 -230825.947080
168 -230819.651848
169 -230813.356493
170 -230807.061014
171 -230800.765412
172 -230794.469685
173 -230783.261852
174 -230777.076920
175 -230770.544372
176 -230764.122949
177 -230757.826478
178 -230751.641049
179 -230745.344330
180 -230739.047487
181 -230719.826289
182 -230708.896025
183 -230669.272664
184 -230654.147533
185 -230532.907347
186 -230526.065941
187 -230519.972483
188 -230513.642587
189 -230507.312562
190 -230500.982393
191 -230494.652112
192 -230488.321703
193 -230482.227478
194 -230475.486201
195 -230469.391719
196 -230463.085908
197 -230452.074554
198 -230405.268187
199 -230342.578753
200 -230262.324408
201 -230251.545655
202 -230245.300044
203 -230239.290640
204 -230233.169954
205 -230227.160287
206 -230221.059636
207 -230214.958854
208 -230208.857941
209 -230198.039301
210 -230191.726808
211 -230185.414216
212 -230179.312645
213 -230168.492690
214 -230162.390724
215 -230156.288626
216 -230150.186396
217 -230144.184012
218 -230137.601858
219 -230131.051667
220 -230095.799324
221 -230089.695376
222 -230074.670437
223 -230068.565958
224 -230062.361368
225 -230055.809139
226 -230049.704260
227 -230038.877687
228 -230032.324860
229 -230026.219448
230 -230020.113903
231 -229997.604242
232 -229991.497895
233 -229985.391415
234 -229978.568832
235 -229905.959454
236 -229514.876804
237 -229492.476464
238 -229481.854104
239 -229471.281361
240 -229465.094639
241 -229459.144061
242 -229453.193341
243 -229446.731968
244 -229440.395553
245 -229434.444405
246 -229428.256827
247 -229421.919984
248 -229415.346631
249 -229409.015456
250 -229386.201987
251 -229379.695645
252 -229369.193446
253 -229363.257158
254 -229357.229887
255 -229351.082184
256 -229340.405746
257 -229329.328160
258 -229318.650570
259 -229300.054582
260 -229271.025195
261 -229191.802769
262 -229110.042408
263 -229095.318709
264 -229084.901815
265 -229066.736564
266 -229060.853603
267 -229054.859388
268 -229048.976133
269 -229042.636459
270 -229036.641778
271 -229030.681261
272 -229024.797418
273 -229018.457012
274 -229012.596019
275 -229006.523764
276 -229000.326243
277 -228993.979617
278 -228988.034797
279 -228982.089829
280 -228975.742633
281 -228969.797369
282 -228963.851957
283 -228957.906397
284 -228951.960689
285 -228946.014833
286 -228940.068829
287 -228933.720501
288 -228927.774200
289 -228921.827751
290 -228914.974138
291 -228904.463658
292 -228898.516614
293 -228892.569421
294 -228886.220361
295 -228875.753140
296 -228869.936827
297 -228863.740912
298 -228812.662832
299 -228802.443501
300 -228796.493053
301 -228790.542454
302 -228784.651813
303 -228778.860997
304 -228772.809979
305 -228766.647795
306 -228760.779703
307 -228750.303494
308 -228744.015288
309 -228738.063261
310 -228732.011124
311 -228724.018515
312 -228717.855318
313 -228712.100803
314 -228706.208230
315 -228639.837010
316 -228629.740069
317 -228623.171125
318 -228617.350138
319 -228611.269611
320 -228604.746484
321 -228590.628984
322 -228584.735764
323 -228578.682104
324 -228572.979358
325 -228567.085681
326 -228561.191851
327 -228555.397814
328 -228549.617651
329 -228539.589393
330 -228533.808788
331 -228528.028030
332 -228522.247120
333 -228516.466056
334 -228510.510750
335 -228504.729380
336 -228498.947857
337 -228492.353651
338 -228486.571821
339 -228480.789838
340 -228475.007701
341 -228469.142110
342 -228398.738493
343 -228392.953884
344 -228387.255413
345 -228381.427827
346 -228375.617952
347 -228361.832066
348 -228351.850220
349 -228341.873860
350 -228331.405104
351 -228325.742351
352 -228319.868371
353 -228313.847122
354 -228308.208189
355 -228302.186635
356 -228296.544275
357 -228290.491716
358 -228284.429946
359 -228278.550900
360 -228272.161725
361 -228266.518583
362 -228260.890325
363 -228254.927803
364 -228248.568959
365 -228242.857015
366 -228237.228131
367 -228231.355794
368 -228225.552513
369 -228219.186767
370 -228209.112161
371 -228199.078045
372 -228188.533043
373 -228178.495700
374 -228164.931468
375 -228151.165717
376 -228137.398547
377 -228131.792569
378 -228126.186433
379 -228115.919312
380 -228110.326923
381 -228104.734376
382 -228099.141669
383 -228093.135887
384 -228081.995784
385 -228075.779910
386 -228069.985912
387 -228064.351905
388 -228058.717738
389 -228052.923355
390 -228047.288869
391 -228041.654224
392 -228031.766670
393 -228026.131545
394 -228019.523400
395 -228013.887955
396 -228008.092292
397 -228001.720362
398 -227995.924410
399 -227990.288323
400 -227984.652077
401 -227979.015669
402 -227972.642506
403 -227966.845750
404 -227920.373319
405 -227914.718959
406 -227898.031165
407 -227892.247805
408 -227886.589391
409 -227881.041843
410 -227875.258102
411 -227869.421555
412 -227863.637328
413 -227853.941409
414 -227844.118793
415 -227838.465090
416 -227832.638339
417 -227826.960090
418 -227821.344044
419 -227815.329144
420 -227798.792594
421 -227788.731962
422 -227782.754260
423 -227777.074421
424 -227771.394371
425 -227765.714142
426 -227760.210279
427 -227754.706253
428 -227748.710927
429 -227743.214357
430 -227737.476133
431 -227731.747941
432 -227726.174104
433 -227720.344319
434 -227714.730543
435 -227709.116572
436 -227703.234366
437 -227697.485661
438 -227687.726095
439 -227677.965869
440 -227668.204981
441 -227658.443431
442 -227644.630111
443 -227638.730748
444 -227633.167553
445 -227620.035604
446 -227614.197876
447 -227608.739220
448 -227603.282936
449 -227597.540303
450 -227591.875955
451 -227586.366678
452 -227520.632737
453 -227515.178542
454 -227509.487823
455 -227503.796905
456 -227494.102683
457 -227484.431143
458 -227478.923689
459 -227473.482571
460 -227467.881326
461 -227448.341370
462 -227442.832578
463 -227437.323616
464 -227431.814482
465 -227426.157130
466 -227420.647655
467 -227411.131862
468 -227405.693123
469 -227400.034945
470 -227394.273679
471 -227388.846155
472 -227383.363076
473 -227377.939718
474 -227372.312359
475 -227366.888657
476 -227361.228630
477 -227355.282596
478 -227349.433817
479 -227343.537431
480 -227337.521301
481 -227327.501757
482 -227321.881600
483 -227316.205752
484 -227310.682711
485 -227305.106423
486 -227299.284838
487 -227293.649510
488 -227283.649180
489 -227270.498555
490 -227256.861978
491 -227251.098688
492 -227245.719036
493 -227240.334571
494 -227230.540229
495 -227224.916707
496 -227219.566907
497 -227214.216933
498 -227208.783592
499 -227199.132778
500 -227193.677253
501 -227188.187852
502 -227182.607501
503 -227177.142241
504 -227171.619359
505 -227166.289028
506 -227155.959806
507 -227150.097746
508 -227144.510410
509 -227138.843122
510 -227133.395682
511 -227123.524338
512 -227113.700236
513 -227104.317677
514 -227091.451265
515 -227086.068594
516 -227080.685747
517 -227075.164984
518 -227069.644000
519 -227064.122823
520 -227058.739268
521 -227053.429965
522 -227048.009552
523 -227042.424562
524 -227036.708361
525 -227027.505518
526 -227022.215730
527 -227016.277379
528 -227010.746641
529 -227005.334323
530 -226999.650963
531 -226994.119690
532 -226988.474203
533 -226983.033378
534 -226977.592538
535 -226968.412219
536 -226963.087825
537 -226957.750664
538 -226952.194754
539 -226946.295732
540 -226940.539167
541 -226934.909012
542 -226909.305303
543 -226903.772925
544 -226898.079455
545 -226892.260779
546 -226886.777918
547 -226881.435563
548 -226876.179882
549 -226870.734755
550 -226865.151269
551 -226859.428637
552 -226853.994646
553 -226841.361092
554 -226832.247851
555 -226826.894632
556 -226821.301511
557 -226816.014395
558 -226810.727091
559 -226805.439568
560 -226800.167784
561 -226794.869870
562 -226789.551159
563 -226784.332117
564 -226778.737761
565 -226773.300807
566 -226767.310913
567 -226761.494884
568 -226756.181502
569 -226747.138254
570 -226741.883774
571 -226736.672449
572 -226731.406174
573 -226725.872927
574 -226720.339630
575 -226715.072804
576 -226709.805796
577 -226704.538603
578 -226699.271228
579 -226693.736924
580 -226672.793611
581 -226667.524770
582 -226658.110467
583 -226652.897464
584 -226647.573272
585 -226629.274293
586 -226623.831561
587 -226618.217106
588 -226608.892716
589 -226603.490132
590 -226594.237927
591 -226570.866234
592 -226561.807656
593 -226538.635236
594 -226515.453766
595 -226509.993913
596 -226504.287683
597 -226498.622428
598 -226492.804566
599 -226487.623880
600 -226482.246259
601 -226476.597107
602 -226471.174318
603 -226465.765617
604 -226460.578434
605 -226455.169152
606 -226449.949486
607 -226443.870755
608 -226438.706077
609 -226432.760864
610 -226427.353066
611 -226421.849537
612 -226416.331086
613 -226410.951024
614 -226405.449310
615 -226400.295353
616 -226395.028123
617 -226389.759210
618 -226384.528031
619 -226379.258737
620 -226373.812339
621 -226368.431035
622 -226363.155514
623 -226358.030261
624 -226352.804974
625 -226347.396049
626 -226342.270081
627 -226336.979984
628 -226331.742741
629 -226326.245581
630 -226320.783576
631 -226315.321422
632 -226309.766194
633 -226304.258323
634 -226298.908358
635 -226293.358208
636 -226287.807763
637 -226282.523634
638 -226277.110438
639 -226271.946852
640 -226266.662245
641 -226253.629578
642 -226248.357109
643 -226242.832490
644 -226237.733830
645 -226232.427544
646 -226227.219994
647 -226222.148214
648 -226217.077876
649 -226211.802539
650 -226206.570312
651 -226201.500502
652 -226196.430499
653 -226184.240782
654 -226178.973789
655 -226173.513234
656 -226167.949967
657 -226162.775452
658 -226157.545152
659 -226152.248244
660 -226147.201484
661 -226141.783097
662 -226132.895421
663 -226127.626139
664 -226121.653256
665 -226116.609451
666 -226111.565451
667 -226106.370898
668 -226080.409210
669 -226075.254358
670 -226070.177642
671 -226064.897362
672 -226056.233279
673 -226043.297869
674 -226038.219807
675 -226033.115876
676 -226028.102402
677 -226023.042468
678 -226017.618680
679 -226012.323443
680 -226007.148910
681 -226000.913110
682 -225995.738195
683 -225990.442247
684 -225985.266934
685 -225980.091421
686 -225974.665914
687 -225969.603994
688 -225964.352548
689 -225959.139038
690 -225950.361694
691 -225944.839485
692 -225939.677534
693 -225930.451176
694 -225908.588562
695 -225899.450128
696 -225893.806115
697 -225888.305300
698 -225879.635036
699 -225874.392393
700 -225869.240778
701 -225864.005993
702 -225858.600277
703 -225853.612647
704 -225848.534080
705 -225843.355612
706 -225831.627970
707 -225826.450736
708 -225821.128767
709 -225815.963011
710 -225810.605122
711 -225805.346665
712 -225800.221990
713 -225795.055613
714 -225789.847478
715 -225784.626408
716 -225767.759697
717 -225762.186837
718 -225756.939132
719 -225751.753697
720 -225746.789711
721 -225734.753231
722 -225729.701635
723 -225720.881773
724 -225715.579282
725 -225710.427194
726 -225705.185666
727 -225699.916244
728 -225694.388870
729 -225689.409779
730 -225684.290953
731 -225678.914881
732 -225673.824559
733 -225668.300174
734 -225659.427466
735 -225650.585110
736 -225638.852881
737 -225633.884026
738 -225628.807248
739 -225623.495412
740 -225618.525999
741 -225613.213664
742 -225608.171595
743 -225602.836043
744 -225597.741768
745 -225592.663649
746 -225587.592855
747 -225581.835161
748 -225576.642266
749 -225567.776118
750 -225562.717899
751 -225557.523940
752 -225552.173428
753 -225546.722899
754 -225541.563830
755 -225536.383930
756 -225526.978468
757 -225522.070148
758 -225516.998863
759 -225511.818265
760 -225506.796915
761 -225501.625386
762 -225496.603456
763 -225491.296992
764 -225482.694984
765 -225473.987501
766 -225468.995090
767 -225464.013661
768 -225459.009356
769 -225453.937468
770 -225448.597689
771 -225443.307063
772 -225438.379938
773 -225433.173810
774 -225428.034214
775 -225422.695360
776 -225417.259910
777 -225412.209721
778 -225407.270205
779 -225401.894449
780 -225396.903144
781 -225391.633138
782 -225386.654089
783 -225381.470440
784 -225372.784736
785 -225363.586574
786 -225358.506173
787 -225353.402582
788 -225347.987348
789 -225342.584687
790 -225337.386837
791 -225332.388826
792 -225327.401766
793 -225321.621868
794 -225316.567959
795 -225311.580298
796 -225302.994753
797 -225297.670079
798 -225289.286616
799 -225284.405405
800 -225279.313903
801 -225274.330040
802 -225269.238149
803 -225264.087450
804 -225259.047622
805 -225253.955277
806 -225245.467424
807 -225240.260403
808 -225235.027165
809 -225226.221069
810 -225221.047858
811 -225215.874776
812 -225210.511332
813 -225204.892948
814 -225199.809989
815 -225194.868854
816 -225190.016435
817 -225185.128285
818 -225180.253590
819 -225175.275013
820 -225169.964426
821 -225164.875769
822 -225159.814491
823 -225154.800099
824 -225149.974006
825 -225144.476840
826 -225139.552249
827 -225131.115716
828 -225126.134952
829 -225120.465613
830 -225097.739222
831 -225086.151609
832 -225081.091263
833 -225075.675875
834 -225070.682119
835 -225065.748402
836 -225057.342940
837 -225052.446738
838 -225047.506894
839 -225042.602809
840 -225037.611267
841 -225032.178506
842 -225027.296171
843 -225022.052219
844 -225016.977644
845 -225011.803611
846 -225002.889369
847 -224997.768599
848 -224992.909866
849 -224987.239441
850 -224982.328719
851 -224977.203085
852 -224972.237258
853 -224967.326197
854 -224962.266506
855 -224957.331793
856 -224952.161955
857 -224943.846093
858 -224938.610087
859 -224933.067135
860 -224927.724314
861 -224922.923534
862 -224917.923133
863 -224913.024681
864 -224907.915999
865 -224902.305352
866 -224897.138608
867 -224891.667426
868 -224886.494164
869 -224877.956432
870 -224868.465556
871 -224863.434693
872 -224854.966882
873 -224850.076267
874 -224844.917420
875 -224840.008132
876 -224834.918730
877 -224830.086129
878 -224825.253362
879 -224819.607317
880 -224814.298214
881 -224808.999634
882 -224803.907084
883 -224799.040421
884 -224794.191616
885 -224789.319818
886 -224784.248994
887 -224779.227246
888 -224774.141366
889 -224769.066797
890 -224764.131344
891 -224759.123755
892 -224754.184124
893 -224749.163101
894 -224744.137981
895 -224738.953113
896 -224730.712060
897 -224722.367283
898 -224717.529546
899 -224712.591616
900 -224707.575709
901 -224702.744699
902 -224697.934988
903 -224693.124945
904 -224687.958239
905 -224683.085313
906 -224678.296082
907 -224673.522482
908 -224668.582324
909 -224663.597615
910 -224658.786341
911 -224653.574733
912 -224648.590337
913 -224643.840951
914 -224638.699845
915 -224633.913579
916 -224629.077071
917 -224617.370853
918 -224612.395149
919 -224607.618448
920 -224602.382117
921 -224597.469153
922 -224592.453482
923 -224587.540011
